data
10
x
y
FP
Zt
Zo
Zb
Zt_err
Zo_err
Zb_err
misfit
-117.01944254302133	32.44599998110738	3.1	0.34	11.68	23.03	0.16	0.49	1.96	0.2121
-116.49405010673748	32.49198963974146	2.8	0.43	10.37	20.31	0.15	0.35	1.4	0.2074
-115.96826703324027	32.536340775197125	3.1	0.33	9.12	17.92	0.16	0.57	2.28	0.2294
-115.442107035056	32.579052223679064	3.0	2.67	9.04	15.41	0.15	0.22	0.91	0.1869
-114.91558388496134	32.620122867568085	3.3	1.36	7.25	13.15	0.21	0.68	2.74	0.2601
-116.96444183263259	32.00036439265459	1.8	1.3	7.97	14.65	0.32	1.23	4.92	0.3306
-116.44094675567784	32.04624569097659	2.5	0.83	7.35	13.86	0.16	0.63	2.54	0.209
-115.91706529049354	32.09049252011821	3.2	0.41	8.53	16.65	0.17	0.74	2.96	0.2319
-115.39281100442274	32.13310369812108	3.6	0.33	7.51	14.69	0.14	0.49	1.96	0.193
-114.86819752397662	32.17407808982131	3.0	1.76	8.39	15.03	0.18	0.39	1.56	0.207
-116.38822980304634	31.59991920067565	2.9	0.39	7.0	13.6	0.14	0.41	1.65	0.1881
-115.86623637849516	31.644059677680364	3.0	0.36	7.52	14.67	0.15	0.66	2.63	0.2173
-115.3438741776864	31.68656861293648	3.2	0.44	10.83	21.21	0.19	0.76	3.07	0.2553
-115.81577625243985	31.1970707539227	2.6	0.79	7.44	14.1	0.18	0.7	2.79	0.2201
-115.29529265427051	31.239475488614833	3.4	0.33	10.17	20.02	0.22	0.8	3.22	0.244
-115.76568092563842	30.749554326675103	3.1	0.42	11.84	23.25	0.19	0.49	1.96	0.2243
-115.24706258970753	30.79185291799021	2.8	0.4	18.14	35.87	0.38	0.48	1.97	0.3773
-115.71594646848123	30.30153903743763	3.2	0.34	13.03	25.72	0.22	0.42	1.69	0.2523
-115.1991801946362	30.34372955811569	2.9	0.44	11.79	23.15	0.2	0.43	1.72	0.2411
-115.66656900742336	29.853053583208077	3.2	0.45	9.16	17.86	0.26	0.86	3.46	0.3082
-115.15164173382087	29.89513412208551	2.9	0.41	9.81	19.22	0.26	0.84	3.39	0.3065
-114.63637421673658	29.935599061802417	3.5	0.41	11.83	23.25	0.21	0.53	2.14	0.2587
-115.61754472399139	29.4041267082631	4.0	0.37	6.85	13.34	0.19	0.22	0.91	0.2322
-115.10444352519106	29.446095370810756	3.5	0.35	11.55	22.74	0.35	0.44	1.79	0.3635
-114.59100571260066	29.486452886402958	3.3	0.44	15.02	29.59	0.29	0.33	1.36	0.2987
-114.07724412812337	29.525198070736437	3.3	0.36	14.29	28.21	0.26	0.63	2.53	0.2834
-115.05758193890168	28.996642104753896	3.9	0.44	8.79	17.14	0.15	0.25	1.02	0.1875
-114.5459609885917	29.036890388902922	3.5	0.34	10.3	20.26	0.23	0.44	1.79	0.2522
-114.03401971120225	29.07553084911382	3.6	0.36	8.24	16.11	0.15	0.29	1.17	0.1821
-115.0110533964129	28.546803155629128	2.5	3.48	9.46	15.45	0.15	0.49	1.95	0.2191
-114.50123659975752	28.586940418004858	3.9	0.83	7.06	13.29	0.17	0.44	1.76	0.2252
-113.99110287225838	28.62547443339941	2.9	1.45	7.74	14.02	0.13	0.15	0.62	0.194
-113.48066483820169	28.662404038758012	3.4	0.38	8.85	17.33	0.11	0.22	0.89	0.1758
-114.9648543695896	28.09660737807379	2.5	3.12	9.37	15.62	0.15	0.51	2.05	0.2057
-114.45682914972052	28.13663184583349	4.0	0.99	10.56	20.13	0.13	0.33	1.35	0.1831
-113.94849034752274	28.17505771248572	3.7	0.35	10.3	20.24	0.19	0.22	0.89	0.199
-113.43985045649579	28.211883801163847	2.8	0.46	10.84	21.23	0.22	0.49	1.96	0.2328
-112.93092201523817	28.24710898610207	2.9	0.44	11.4	22.35	0.3	1.01	4.07	0.3158
-114.91898137981921	27.646083641297633	3.5	0.41	8.91	17.42	0.11	0.22	0.89	0.1624
-114.41273528982688	27.685993559577575	3.5	0.37	9.68	18.99	0.16	0.31	1.24	0.1444
-113.90617891913321	27.72430959080216	4.0	0.33	8.8	17.26	0.16	0.41	1.64	0.1635
-113.39932463223705	27.761030544578997	3.4	0.38	8.62	16.86	0.12	0.22	0.9	0.177
-112.89218483795065	27.796155282137978	3.4	0.34	9.35	18.36	0.19	0.81	3.24	0.2324
-114.36895171831324	27.235054453115115	2.8	0.97	9.86	18.75	0.21	0.34	1.39	0.1702
-113.86416541433216	27.27325897993309	4.0	0.39	8.39	16.4	0.16	0.19	0.79	0.1869
-113.35908432245922	27.309873197539023	4.0	0.46	7.72	14.98	0.11	0.36	1.46	0.185
-112.85372072349251	27.34489595443433	3.5	0.39	9.13	17.87	0.21	0.87	3.5	0.2488
-112.34808694003212	27.37832615103268	3.4	0.41	10.46	20.5	0.16	0.55	2.22	0.203
-113.82244670468079	26.821934790224926	4.0	0.39	8.66	16.92	0.13	0.31	1.23	0.1621
-113.31912652674261	26.858440687781055	4.0	1.2	12.5	23.79	0.23	0.62	2.5	0.2614
-112.81552680020258	26.89335994734723	3.8	0.36	11.3	22.25	0.33	1.27	5.08	0.3406
-112.31165972066486	26.926691457389364	3.7	0.31	8.92	17.53	0.17	0.71	2.84	0.2173
-113.27944828647458	26.40676193383909	3.6	0.44	14.19	27.94	0.27	0.63	2.54	0.2936
-112.77760023646907	26.44157619644346	4.0	0.94	12.77	24.61	0.2	0.63	2.54	0.2406
-112.2754876256093	26.474807586987104	3.0	1.23	8.48	15.73	0.17	0.48	1.94	0.2043
-111.77312256290165	26.50645503496148	3.2	0.51	7.76	15.02	0.2	0.65	2.6	0.2277
-113.24004668412555	25.954865836640316	3.3	0.37	9.45	18.52	0.17	0.6	2.39	0.2156
-112.73993824003529	25.989573620089335	4.0	1.08	9.94	18.79	0.14	0.2	0.82	0.1936
-112.23956798856155	26.022703474824894	4.0	0.72	7.68	14.63	0.14	0.33	1.34	0.2012
-111.73894791447553	26.054254319410376	3.6	0.41	7.58	14.75	0.23	0.65	2.6	0.2833
-112.70253805731943	25.537381111046816	3.9	0.77	8.03	15.28	0.15	0.25	1.01	0.1703
-112.20389818017983	25.57040803067836	4.0	1.28	7.21	13.14	0.17	0.52	2.09	0.2476
-111.7050110733409	25.601860937896557	3.7	0.42	9.81	19.2	0.13	0.6	2.39	0.2006
-111.20588863471913	25.631738794075336	3.6	0.35	9.65	18.96	0.2	0.84	3.36	0.2416
-112.66539697274865	25.085027528083007	3.0	1.43	8.55	15.66	0.14	0.23	0.93	0.1616
-112.16847560744726	25.117950130701463	3.9	0.36	7.23	14.09	0.13	0.35	1.41	0.168
-111.67130956966078	25.149303783120793	4.0	1.14	11.17	21.21	0.16	0.56	2.26	0.2034
-111.17391063579903	25.179087436767887	3.4	0.76	8.93	17.1	0.24	0.76	3.07	0.2514
-112.13329771304765	24.665358609047743	3.4	0.35	8.05	15.75	0.18	0.22	0.9	0.1669
-111.6378409676304	24.696611706131755	3.8	0.87	6.79	12.71	0.14	0.33	1.33	0.2115
-111.14215372839851	24.726299920578803	4.0	0.57	9.19	17.81	0.17	0.34	1.38	0.1756
-110.64624768476932	24.754422248350938	4.0	0.39	7.36	14.32	0.16	0.53	2.14	0.1991
-111.60460286489393	24.24381350796522	3.7	0.42	8.65	16.88	0.14	0.2	0.83	0.1683
-111.1106156306038	24.27340506290683	4.0	0.66	8.73	16.79	0.11	0.44	1.78	0.172
-110.6164118424886	24.301435901298202	2.3	2.61	8.34	14.08	0.17	0.56	2.24	0.2453
-110.12200310186957	24.327905064623305	3.2	0.37	8.49	16.6	0.19	0.79	3.19	0.2263
-110.58678095756338	23.848369830852807	3.5	0.37	8.51	16.66	0.13	0.4	1.62	0.1638
-110.09406497298595	23.874751587650874	1.9	1.8	8.77	15.73	0.16	0.61	2.45	0.1955
-109.60115765021978	23.89957598149622	3.1	0.41	9.25	18.09	0.2	0.66	2.65	0.2179
-114.19853378155562	30.970909515586694	3.2	1.24	3.82	6.4	0.11	0.55	2.21	0.1967
-113.47038760497823	31.022786198105827	3.4	0.82	3.45	6.07	0.12	0.07	0.32	0.0964
-114.13679127533607	30.34326133892497	3.9	0.47	5.19	9.91	0.17	0.36	1.43	0.1878
-113.41229833645025	30.394953510484285	3.5	1.57	5.6	9.62	0.17	0.27	1.09	0.1982
-113.3547932404281	29.76619399911373	4.0	0.9	4.84	8.78	0.11	0.56	2.25	0.1931
-113.29786356715061	29.13658677014956	3.6	0.32	7.08	13.84	0.13	0.25	1.03	0.2322
-112.58000214195509	29.18473936744916	3.5	1.17	5.84	10.51	0.2	0.31	1.25	0.1829
-112.52719387026437	28.554178030486227	2.3	1.37	4.38	7.38	0.12	0.2	0.79	0.3649
-112.47490921423018	27.922923405767307	2.0	2.84	5.38	7.92	0.11	0.52	2.09	0.184
-111.76360622064189	27.967566148069384	3.9	1.14	2.17	3.2	0.15	0.02	0.17	0.3581
-111.71533044195367	27.335516780643598	2.6	2.21	3.2	4.19	0.04	0.44	1.77	0.1773
-111.00704614183772	27.37685444319901	4.0	2.21	4.5	6.79	0.09	0.12	0.48	0.0979
-111.66752899018091	26.702929257415285	1.4	3.22	9.94	16.66	0.23	0.15	0.64	0.2359
-110.96271066415022	26.744095441874336	4.0	1.61	4.71	7.8	0.18	0.37	1.5	0.1821
-110.25745859095761	26.782148079437228	4.0	2.69	8.29	13.89	0.16	0.23	0.93	0.2062
-110.91880895450726	26.110874304041914	4.0	0.52	4.4	8.28	0.15	0.1	0.44	0.1555
-110.21699556876577	26.148765426119798	4.0	2.17	6.78	11.4	0.2	0.33	1.35	0.2375
-110.87533468617697	25.47727048424124	3.6	0.88	3.72	6.56	0.2	0.35	1.43	0.2763
-110.17692673726698	25.5149969420573	3.9	1.9	6.2	10.51	0.08	0.23	0.91	0.1199
-109.47813034225838	25.549634505480515	4.0	0.91	7.13	13.35	0.11	0.21	0.83	0.4257
-110.1372463702408	24.880922011337372	4.0	0.89	7.89	14.89	0.13	0.13	0.55	0.2568
-109.44182825519219	24.915405708109404	3.7	1.4	8.03	14.67	0.1	0.11	0.45	0.194
-108.74605971894721	24.94681213080202	2.7	2.38	5.36	8.34	0.07	0.19	0.77	0.3247
-110.09794885172386	24.2466198494174	3.5	0.36	6.5	12.63	0.13	0.29	1.17	0.2835
-109.40587660576452	24.28094688697367	3.7	1.5	3.48	5.47	0.15	0.25	1.0	0.2016
-108.71345898374722	24.312210758579887	3.6	0.82	3.82	6.83	0.08	0.09	0.36	0.3267
-108.02072802856136	24.34040937185907	4.0	2.0	5.05	8.1	0.12	0.32	1.27	0.1285
-109.37027034844502	23.64633709693717	4.0	0.84	4.57	8.31	0.17	0.03	0.22	0.1581
-108.68117159629773	23.67745591954069	2.8	1.42	3.7	5.98	0.15	0.05	0.26	0.1053
-107.99176400349829	23.70552380807742	3.5	1.87	4.59	7.32	0.11	0.48	1.92	0.1887
-107.3020792420193	23.730538854491158	4.0	1.07	5.5	9.93	0.12	0.39	1.58	0.2856
-108.64919306373605	23.042626461107698	3.6	1.36	3.46	5.56	0.11	0.53	2.12	0.1759
-107.96307715990683	23.070561414213998	3.9	0.66	3.53	6.4	0.12	0.18	0.73	0.1302
-107.2766880447637	23.09545806497491	3.8	1.03	5.3	9.57	0.12	0.1	0.41	0.1856
-106.59005701547066	23.11731469477059	3.4	2.05	5.07	8.08	0.09	0.27	1.08	0.2437
-108.47587597779636	32.017562456487546	2.1	0.32	12.93	25.55	0.12	0.21	0.83	0.2465
-107.63454813135097	32.047839231186636	1.5	3.42	8.69	13.96	0.23	0.62	2.51	0.3281
-106.79283211503846	32.07390821118033	3.0	3.04	11.13	19.22	0.16	0.09	0.38	0.1562
-105.95078568056763	32.095767634387826	3.0	1.55	8.35	15.16	0.16	0.37	1.5	0.1311
-108.43809257703893	31.300225548603386	2.9	0.38	17.26	34.14	0.15	0.89	3.57	0.3757
-107.60166267690691	31.330384543311208	3.0	0.79	13.79	26.78	0.22	0.55	2.21	0.2512
-106.7648513568509	31.35635222506538	3.0	1.76	11.46	21.17	0.21	0.84	3.38	0.2377
-105.92771536755166	31.378126788044806	3.0	3.37	18.25	33.13	0.09	0.42	1.67	0.2886
-105.09031159221561	31.39570672022919	3.0	4.24	12.59	20.95	0.25	0.37	1.49	0.1804
-107.56915866830681	30.611579714641632	1.4	2.99	8.18	13.37	0.22	0.34	1.38	0.2042
-106.73719528999796	30.63744302917607	2.8	1.57	10.97	20.37	0.13	0.43	1.74	0.1653
-105.90491285881271	30.65913015696634	3.0	0.68	8.01	15.35	0.28	0.55	2.23	0.2068
-105.07236727610525	30.676639550245348	3.0	0.38	14.61	28.83	0.22	0.67	2.69	0.2858
-104.23961454951629	30.689969960834848	3.0	1.12	11.57	22.02	0.19	0.28	1.12	0.2449
-107.53702951038558	29.891543032434527	3.0	0.95	12.85	24.76	0.19	0.54	2.16	0.2775
-106.70985829747998	29.917298950556564	2.8	0.4	12.64	24.87	0.15	0.47	1.9	0.3109
-105.88237351931339	29.938896101527007	3.0	0.75	14.44	28.13	0.16	0.28	1.11	0.2842
-105.05463011783472	29.956332902838945	3.0	1.07	16.22	31.37	0.14	0.44	1.76	0.2398
-104.22668313825035	29.96960807822518	3.0	1.16	10.15	19.14	0.14	0.48	1.93	0.1514
-103.39858770711493	29.978720656860258	3.0	2.48	17.19	31.91	0.24	0.12	0.54	0.2946
-106.68283489107039	29.196038648194566	1.6	2.6	7.89	13.17	0.16	0.21	0.85	0.2633
-105.86009282033858	29.21754331587999	3.0	1.28	12.24	23.2	0.24	0.31	1.25	0.2523
-105.03709655123023	29.23490550053365	3.0	2.02	19.02	36.01	0.13	0.79	3.17	0.3521
-104.21390018843007	29.2481238986237	3.0	1.59	11.14	20.69	0.27	0.26	1.06	0.3247
-103.39055791566462	29.25719751854256	3.0	2.22	13.42	24.63	0.24	0.44	1.76	0.2445
-105.83806633646495	28.495190740309035	2.6	0.36	8.11	15.87	0.15	0.4	1.62	0.1883
-105.01976309149336	28.512476313439596	3.0	1.55	12.97	24.39	0.18	0.47	1.9	0.1891
-104.20126315818906	28.525636414836345	3.0	1.26	13.62	25.99	0.24	0.51	2.06	0.3678
-103.38261979882142	28.534670032745098	3.0	0.91	10.28	19.65	0.1	0.4	1.62	0.1341
-105.00262633289348	27.789164471010892	2.9	1.76	11.39	21.02	0.1	0.36	1.45	0.1447
-103.37477179559677	27.811257369023252	3.0	2.11	13.65	25.18	0.17	0.51	2.05	0.1852
-104.176416975818	27.07812821941079	2.9	0.36	8.58	16.79	0.28	0.19	0.82	0.2403
-122.69904917271973	31.891389152558176	2.0	2.6	6.58	10.56	0.19	0.25	0.54	0.141
-121.86599630203914	31.992522383360555	2.2	3.82	7.14	10.45	0.08	0.0	0.08	0.3205
-121.03159211224904	32.089497372598935	2.2	4.38	7.98	11.59	0.18	0.71	1.44	0.2346
-120.1958899327754	32.18230740108251	4.0	1.11	4.45	7.8	0.23	0.25	0.56	0.1552
-119.35894361161657	32.27094607571203	3.8	0.39	2.32	4.25	0.16	0.09	0.25	0.2314
-118.52080749612922	32.355407325101794	2.8	0.35	5.69	11.02	0.11	0.27	0.55	0.2181
-122.57877569151067	31.180511358042367	2.3	3.64	11.69	19.73	0.23	0.36	0.75	0.1869
-121.75043726416199	31.281253091950063	2.7	4.2	7.23	10.26	0.12	0.27	0.55	0.109
-120.92077066517088	31.377854145091067	3.0	2.64	6.93	11.22	0.26	0.52	1.07	0.2111
-120.08982835717964	31.47030764209866	3.2	2.4	5.19	7.97	0.15	0.11	0.27	0.1138
-119.25766330682919	31.55860703937269	2.7	1.71	9.38	17.05	0.21	0.52	1.06	0.2286
-118.4243289660416	31.642746120848212	2.5	0.39	8.7	17.0	0.11	0.59	1.19	0.1998
-117.58987925283205	31.72271899391472	2.0	1.5	5.04	8.57	0.09	0.25	0.5	0.0837
-122.45988241236408	30.468253736858525	2.6	2.87	6.37	9.87	0.2	0.64	1.29	0.2014
-121.63620648497955	30.56859225927369	3.0	2.91	6.89	10.88	0.26	0.31	0.68	0.1725
-120.81122501110609	30.664808115505142	2.9	3.48	7.74	12.0	0.18	0.25	0.53	0.1261
-119.98498960483639	30.75689427833079	1.6	4.03	8.63	13.23	0.15	0.43	0.87	0.2525
-119.15755237017375	30.844844057781444	2.8	3.1	6.01	8.93	0.13	0.25	0.52	0.1116
-118.32896588279641	30.928651097056324	4.0	0.9	4.22	7.54	0.22	0.12	0.32	0.1353
-117.49928317136961	31.008309368582637	3.1	1.89	6.94	12.0	0.14	0.26	0.55	0.1153
-122.34234587362846	29.754732270925256	4.0	2.24	4.52	6.79	0.28	0.47	0.98	0.2082
-121.52328133691262	29.85465601577434	2.0	3.47	7.69	11.92	0.11	0.44	0.88	0.1664
-120.7029333711022	29.950475556113105	3.8	1.85	5.64	9.44	0.14	0.4	0.8	0.1538
-119.88135275951119	30.042183717246008	1.7	4.96	9.5	14.03	0.17	0.24	0.52	0.1229
-119.05859076174302	30.129773667026647	4.0	2.62	4.56	6.49	0.17	0.64	1.28	0.2443
-118.23469909592266	30.213238911919806	3.0	1.95	10.74	19.54	0.15	0.24	0.5	0.1812
-117.40972992049356	30.29257329320119	1.0	5.0	8.76	12.52	0.17	0.65	1.31	0.2423
-116.5837358155939	30.367770983300648	3.5	0.41	4.72	9.04	0.09	0.53	1.06	0.2123
-122.22614313878378	29.040063296855344	3.6	1.73	6.0	10.27	0.13	0.2	0.42	0.1242
-121.41163970022109	29.139560854918713	3.6	0.34	6.9	13.47	0.1	0.18	0.37	0.2195
-120.59587445627297	29.234973110222864	3.5	2.73	6.7	10.67	0.09	0.38	0.76	0.1659
-119.7788973767955	29.32629274503893	1.3	5.53	11.82	18.1	0.18	0.6	1.21	0.2067
-118.96075889476258	29.413512789291307	3.5	1.51	4.79	8.08	0.17	0.39	0.8	0.1503
-118.14150988895139	29.496626616766022	1.0	4.99	11.85	18.7	0.17	0.25	0.54	0.1884
-117.32120166620987	29.57562794145065	3.5	0.83	7.36	13.88	0.32	0.12	0.4	0.1906
-116.49988594331927	29.65051081401099	3.1	1.06	6.95	12.83	0.16	0.51	1.04	0.1784
-122.1112517819331	28.324363421057342	4.0	0.52	7.97	15.41	0.16	0.39	0.79	0.1667
-121.3012599489274	28.423423548152435	3.0	2.74	6.91	11.08	0.1	0.09	0.2	0.0692
-120.49002745417131	28.518417706995066	1.7	6.03	9.3	12.57	0.13	0.44	0.89	0.1437
-119.67760347094753	28.60933844131709	2.9	2.78	8.11	13.44	0.24	0.57	1.17	0.1838
-118.86403762291667	28.696178647414	2.3	3.57	12.79	22.01	0.1	0.62	1.25	0.2668
-118.04937996724347	28.778931570499644	2.9	2.14	6.36	10.59	0.13	0.2	0.41	0.1626
-117.23368097732006	28.857590801185697	3.3	0.41	5.36	10.31	0.13	0.3	0.62	0.135
-116.41699152510023	28.93215027209176	3.2	1.26	6.05	10.85	0.11	0.42	0.84	0.1523
-121.99764987376906	27.607749434247335	2.9	3.16	7.69	12.22	0.14	0.38	0.77	0.2828
-121.19212093720196	27.706361059249023	1.9	5.31	15.99	26.66	0.08	0.21	0.42	0.2244
-120.38537201561196	27.80092647563728	1.0	7.45	11.23	15.01	0.17	0.38	0.79	0.1531
-119.57745150216849	27.891438093148125	3.7	1.18	9.97	18.75	0.17	0.29	0.6	0.1674
-118.76840822809517	27.97788867879703	3.5	3.47	6.48	9.49	0.22	0.37	0.76	0.1543
-117.95829144622314	28.06027135337901	3.5	0.31	6.23	12.14	0.28	0.46	0.96	0.2075
-117.14715081415686	28.138579588087644	3.5	1.16	5.48	9.79	0.12	0.17	0.35	0.1201
-116.33503637706563	28.21280720125794	4.0	1.09	3.38	5.67	0.13	0.35	0.72	0.1428
-121.8853159679976	26.890338225530364	1.3	6.74	11.12	15.5	0.1	0.19	0.39	0.1345
-121.08420198619439	26.988490458212308	4.0	2.5	10.5	18.49	0.15	0.33	0.69	0.256
-120.2818882419262	27.082616659135493	2.5	6.78	11.09	15.4	0.08	0.07	0.15	0.1304
-119.47842236429796	27.17270910862928	4.0	0.93	4.79	8.65	0.21	0.19	0.44	0.2624
-118.673852408545	27.258760448822038	3.4	2.71	7.24	11.77	0.17	0.21	0.46	0.1103
-117.86822684000124	27.34076368028649	2.4	3.39	7.7	12.02	0.2	0.16	0.37	0.1744
-117.06159451769422	27.41871215879736	4.0	1.14	7.49	13.84	0.18	0.21	0.45	0.1908
-116.25400467758006	27.492599592207043	4.0	0.55	5.55	10.55	0.13	0.02	0.14	0.0892
-120.179556672633	26.36360552768472	2.4	5.66	8.85	12.03	0.12	0.12	0.27	0.1421
-119.38049737291223	26.45326893014103	3.0	3.73	12.83	21.94	0.12	0.27	0.56	0.177
-118.58035226741124	26.53891156393582	2.6	4.89	9.79	14.69	0.21	0.24	0.52	0.1421
-117.77916905037367	26.620526313654885	3.4	3.08	7.31	11.54	0.18	0.32	0.67	0.2511
-116.97699579901742	26.698106423691375	3.7	1.14	5.6	10.06	0.09	0.25	0.5	0.1523
-116.17388095719956	26.771645495253562	4.0	0.69	5.76	10.83	0.24	0.32	0.69	0.1513
-115.36987331874776	26.841137483489316	2.7	1.95	6.13	10.31	0.22	0.23	0.52	0.1335
-117.69110135618064	25.89967697621539	3.5	4.88	10.31	15.73	0.15	0.28	0.57	0.1594
-116.89333872913951	25.97688025946679	2.1	4.82	8.99	13.16	0.2	0.15	0.36	0.1194
-116.09465008895843	26.050062932759786	3.1	2.88	7.33	11.78	0.18	0.17	0.38	0.1684
-115.29508344451112	26.119218853132065	2.4	3.31	6.85	10.39	0.13	0.24	0.5	0.1013
-114.49468712856867	26.184342233589025	2.9	0.99	6.11	11.23	0.17	0.25	0.52	0.136
-117.6040074030128	25.17833326373203	4.0	3.45	7.49	11.52	0.18	0.29	0.6	0.1445
-116.8106077291509	25.25515142170026	3.2	4.26	8.62	12.98	0.27	0.31	0.68	0.1674
-116.01629727897462	25.32796981152973	3.0	2.83	9.22	15.61	0.2	0.14	0.35	0.1569
-115.22112329295328	25.396782195846814	3.9	0.35	7.5	14.66	0.18	0.32	0.67	0.1456
-114.42513332666421	25.461582697824916	3.5	1.72	4.76	7.79	0.18	0.61	1.23	0.193
-117.5178711932517	24.45661255788918	4.0	1.63	7.3	12.97	0.12	0.27	0.55	0.1211
-116.72878756068943	24.533037457548755	2.8	3.59	8.12	12.66	0.08	0.14	0.3	0.2323
-115.9388080573618	24.605483835332908	3.4	2.87	7.07	11.27	0.14	0.08	0.22	0.109
-115.1479791714549	24.673945363179794	3.8	1.1	5.61	10.12	0.16	0.33	0.67	0.1294
-114.35634769775736	24.738416077951367	3.4	1.67	3.69	5.7	0.23	0.29	0.62	0.1566
-113.56396072168317	24.79889037914215	3.6	1.07	4.83	8.58	0.09	0.29	0.59	0.0959
-117.4326770764315	23.73463193949834	2.8	3.36	8.54	13.72	0.11	0.06	0.17	0.1348
-116.647863316719	23.810655618757853	3.6	3.19	10.32	17.44	0.12	0.43	0.87	0.1922
-115.86216826943618	23.882722417725127	4.0	1.68	7.12	12.56	0.16	0.55	1.12	0.2158
-115.075637686192	23.95082592139393	2.9	2.39	6.64	10.89	0.22	0.4	0.84	0.2837
-114.2883176169654	24.014960083855108	3.1	1.49	5.53	9.56	0.18	0.48	0.97	0.2273
-113.50025439454106	24.075119226115532	3.4	0.4	7.51	14.61	0.29	0.1	0.34	0.1745
-112.71149461869473	24.131298034023427	3.0	0.38	11.75	23.12	0.11	0.72	1.45	0.3295
-117.3484097399102	23.01250810218919	3.9	2.84	6.14	9.45	0.28	0.2	0.49	0.1599
-116.5678204126051	23.088122775143873	4.0	2.32	6.67	11.01	0.12	0.08	0.2	0.1091
-115.78636406720756	23.159802595333097	4.0	2.99	6.98	10.96	0.24	0.6	1.21	0.2176
-115.00408573405272	23.22754106456695	2.7	3.43	7.06	10.69	0.14	0.54	1.1	0.1781
-114.2210307338763	23.291332057721707	4.0	1.69	3.91	6.12	0.08	0.58	1.16	0.2052
-113.43724466265031	23.351169820668602	3.9	0.32	4.06	7.79	0.19	0.41	0.84	0.2123
-112.65277337617812	23.40704896830244	4.0	0.96	3.52	6.08	0.16	0.16	0.35	0.1914
-111.86766297446043	23.458964482673736	2.4	0.31	14.59	28.87	0.16	0.3	0.62	0.3843
-111.08195978584612	23.506911711228213	4.0	0.83	7.72	14.6	0.29	0.43	0.91	0.2125
-117.26505419983897	22.290357266749748	4.0	2.18	10.04	17.9	0.21	0.44	0.91	0.2209
-116.48864457747622	22.36555532871463	4.0	1.28	10.3	19.33	0.15	0.16	0.35	0.2504
-115.71138190114334	22.436840941767784	3.1	4.26	8.41	12.55	0.24	0.27	0.59	0.1446
-114.93331049481452	22.504207528309035	4.0	0.83	7.88	14.94	0.13	0.22	0.46	0.2622
-114.1544749651483	22.56764888756945	2.7	1.7	5.95	10.19	0.15	0.16	0.36	0.2425
-113.3749201867114	22.627159193648914	3.3	0.58	3.65	6.73	0.07	0.64	1.27	0.1805
-112.59469128697062	22.682732993647146	2.6	1.12	9.74	18.37	0.21	0.29	0.63	0.1974
-111.81383363106414	22.734365205892384	2.8	0.4	5.0	9.59	0.22	0.33	0.7	0.2173
-111.03239280636575	22.78205111827119	1.1	0.37	13.54	26.71	0.16	0.76	1.53	0.4427
-117.1825957924185	21.56829509627703	4.0	2.54	8.59	14.64	0.18	0.42	0.87	0.3152
-116.41032184586066	21.643069128591463	4.0	3.25	10.86	18.46	0.13	0.32	0.65	0.2247
-115.6372085121959	21.71395348232988	4.0	1.82	6.23	10.63	0.18	0.63	1.27	0.3343
-114.86329942357153	21.780941504264174	4.0	1.15	9.81	18.46	0.18	0.37	0.76	0.23
-114.08863848734703	21.844026921558505	3.8	1.58	5.85	10.11	0.14	0.22	0.46	0.1556
-113.31326987169412	21.90320383991459	4.0	3.03	3.57	4.11	0.19	0.42	0.86	0.2568
-112.53723799097342	21.958466741804155	4.0	1.6	7.4	13.2	0.25	0.48	1.0	0.201
-111.76058749089893	22.009810484793327	3.2	0.67	4.37	8.07	0.26	0.21	0.49	0.1756
-110.98336323350237	22.057230299961866	3.1	0.37	11.57	22.77	0.11	0.65	1.3	0.2655
-117.10102016543178	20.84643661229865	2.4	5.49	9.36	13.23	0.22	0.51	1.04	0.2294
-116.33283854958835	20.920779386893194	2.7	4.59	8.21	11.82	0.15	0.42	0.85	0.1589
-115.56383092408329	20.991255609668737	3.7	2.35	6.36	10.38	0.13	0.19	0.41	0.2248
-114.79404024340366	21.057858555556614	4.0	2.31	5.3	8.3	0.1	0.56	1.12	0.1647
-114.02350973001153	21.120581883237683	4.0	1.63	6.43	11.23	0.09	0.21	0.43	0.0962
-113.25228286030905	21.17941963339396	3.9	0.36	4.41	8.47	0.19	0.21	0.45	0.1486
-112.48040335038827	21.23436622704183	3.7	1.74	5.73	9.72	0.13	0.18	0.37	0.0919
-111.70791514157636	21.285416463950845	3.3	1.52	5.65	9.78	0.12	0.36	0.72	0.1856
-110.9348623857885	21.33256552115154	3.1	3.16	7.87	12.59	0.16	0.29	0.61	0.1264
-116.25618130994812	20.198800595738838	2.8	2.55	6.79	11.04	0.18	0.31	0.65	0.2096
-114.72552093827764	20.33507353334093	4.0	2.68	8.16	13.63	0.19	0.36	0.74	0.1528
-113.95907736894033	20.397428787887506	4.0	1.96	6.22	10.48	0.15	0.23	0.49	0.1504
-113.19194852668687	20.455921743234796	4.0	2.23	8.59	14.94	0.37	0.22	0.57	0.2047
-112.42417744379722	20.510546762118448	4.0	0.78	5.68	10.59	0.11	0.44	0.88	0.1427
-111.65580737186109	20.561298589479364	1.5	4.84	8.35	11.86	0.13	0.68	1.36	0.2275
-110.12344628618189	22.58416632937355	3.4	1.3	4.11	6.92	0.12	0.45	1.82	0.2139
-109.34236090022746	22.62330726378741	1.6	3.15	8.51	13.88	0.1	0.06	0.25	0.1159
-108.56083933613681	22.65849701955246	3.5	0.66	3.63	6.61	0.14	0.33	1.32	0.185
-107.77892767722615	22.689732386426645	3.7	0.74	5.27	9.79	0.12	0.11	0.47	0.1195
-106.9966721455766	22.717010518352115	3.1	1.7	4.82	7.93	0.12	0.08	0.34	0.2199
-106.21411908576452	22.740328932490254	4.0	0.63	6.46	12.29	0.15	0.24	0.97	0.1628
-110.07941033819887	21.85910726357455	3.8	0.65	5.65	10.64	0.15	0.04	0.21	0.1745
-109.30254362335977	21.89802854614273	3.2	1.6	4.43	7.25	0.11	0.25	1.03	0.141
-108.52524777578415	21.93302100222558	4.0	0.38	3.38	6.38	0.17	0.51	2.06	0.2022
-107.74756813881027	21.964081382622382	3.4	1.75	6.13	10.51	0.18	0.16	0.65	0.1473
-106.96955019082844	21.991206806561358	3.6	1.1	4.22	7.35	0.11	0.09	0.36	0.1219
-106.19123952944372	22.01439476078541	4.0	1.63	5.69	9.75	0.13	0.29	1.18	0.1542
-110.03584874325007	21.134238953790515	3.1	1.49	4.98	8.47	0.15	0.32	1.3	0.1546
-109.26315550436074	21.172936772235097	3.1	1.35	4.27	7.19	0.15	0.1	0.43	0.2188
-108.49004002734169	21.207728496257715	1.7	3.52	6.47	9.43	0.2	0.25	1.04	0.2781
-107.71654693127435	21.238610839588592	1.2	3.44	6.58	9.72	0.17	0.17	0.68	0.1864
-106.94272096669785	21.265580888420196	2.7	1.52	4.63	7.74	0.15	0.05	0.26	0.1769
-106.16860700019026	21.2886361005431	4.0	1.76	5.98	10.2	0.11	0.53	2.14	0.2124
-109.99275388574395	20.409676841782215	2.9	2.57	5.82	9.06	0.13	0.15	0.62	0.1433
-109.22418964795536	20.448147485738026	3.7	1.19	4.42	7.66	0.12	0.15	0.61	0.1421
-108.45520991986031	20.482735136915373	3.3	1.69	3.3	4.92	0.15	0.72	2.88	0.2598
-107.68585861159023	20.51343647386667	2.9	1.83	5.1	8.38	0.18	0.28	1.15	0.211
-106.91617976125397	20.54024855142828	2.6	2.08	5.64	9.2	0.13	0.25	1.03	0.1374
-106.14621751992453	20.56316879990637	3.7	1.16	4.17	7.19	0.15	0.13	0.55	0.2555
-109.95011831207557	19.685535565215446	3.2	2.39	5.55	8.71	0.12	0.15	0.62	0.2052
-109.1856393056733	19.723775428393353	4.0	1.62	4.18	6.75	0.09	0.33	1.33	0.132
-108.4207514138866	19.75815575948383	3.1	2.56	5.4	8.24	0.14	0.27	1.1	0.172
-107.65549785280236	19.788673203752545	2.5	3.47	6.48	9.5	0.14	0.27	1.1	0.2041
-106.88992196311459	19.815324786359376	2.4	2.98	6.47	9.96	0.1	0.24	0.97	0.1376
-106.1240671955038	19.838107911593628	4.0	1.54	5.74	9.95	0.08	0.35	1.41	0.1263
-109.90793472634675	18.961928876253353	3.6	2.24	4.61	6.99	0.12	0.25	1.01	0.1325
-109.14749787196595	18.999934458466992	3.4	1.99	5.2	8.42	0.12	0.13	0.54	0.2204
-108.38665859798122	19.034104317600555	3.1	1.36	4.58	7.8	0.14	0.39	1.57	0.1666
-107.6254594409517	19.064435067521377	1.7	3.5	7.82	12.13	0.16	0.29	1.16	0.2199
-106.86394305877918	19.090923705390665	3.7	1.73	5.08	8.42	0.11	0.13	0.54	0.1197
-106.10215221646797	19.11356761094692	2.2	3.12	6.11	9.09	0.14	0.22	0.89	0.1303
-109.86619598622127	18.238969561727412	3.0	3.41	6.19	8.97	0.15	0.2	0.82	0.139
-109.10975888044582	18.276737470780468	4.0	1.48	4.72	7.96	0.09	0.54	2.16	0.2374
-108.35292568534723	18.310693803160675	3.4	1.86	4.45	7.04	0.09	0.56	2.25	0.1985
-107.59573827209698	18.340835143221554	3.3	2.02	4.9	7.77	0.18	0.51	2.03	0.2691
-106.83823863004666	18.367158461799573	2.1	3.53	6.31	9.1	0.21	0.43	1.74	0.2304
-106.0804688528567	18.389661115545376	2.9	1.82	6.38	10.95	0.17	0.25	1.02	0.1496
-109.82489509890985	17.51676936502913	4.0	1.59	7.68	13.77	0.07	0.29	1.15	0.2131
-109.07241600024406	17.55429631845966	2.6	3.29	5.58	7.87	0.18	0.47	1.89	0.2027
-108.31954701056439	17.588036167937773	4.0	1.85	6.78	11.7	0.13	0.52	2.08	0.1935
-107.56632934942952	17.617985470181473	3.4	1.12	3.99	6.86	0.22	0.29	1.17	0.296
-106.81280435151429	17.644141171371007	3.3	1.69	4.12	6.55	0.16	0.37	1.48	0.1685
-106.05901345309546	17.666500606527592	4.0	1.36	7.67	13.97	0.14	0.46	1.85	0.217
-109.78402521728033	16.79543890985971	4.0	1.03	5.11	9.19	0.14	0.27	1.09	0.2145
-109.0354630324817	16.832721736539483	3.8	2.74	5.99	9.24	0.15	0.35	1.4	0.2228
-108.28651702642534	16.8662422470581	3.6	2.46	5.49	8.53	0.11	0.19	0.77	0.1642
-107.53722778047842	16.89599697236797	4.0	1.25	5.06	8.87	0.12	0.28	1.15	0.1407
-106.78763598815485	16.921982835654767	3.6	1.27	6.56	11.85	0.18	0.19	0.78	0.1459
-106.03778244194756	16.94419715176235	4.0	0.56	3.83	7.11	0.13	0.16	0.64	0.2376
-109.74357963608858	16.075087625968383	4.0	1.42	5.62	9.83	0.13	0.34	1.35	0.1424
-108.99889390685044	16.112123267555084	3.3	2.8	7.71	12.62	0.15	0.05	0.24	0.2121
-108.25383030087055	16.145421684459194	3.1	2.97	6.55	10.13	0.15	0.26	1.03	0.1681
-107.50842877440272	16.17497938372762	3.8	1.79	4.76	7.72	0.12	0.13	0.52	0.1656
-106.7627293929695	16.200793267204016	3.9	1.74	4.45	7.15	0.16	0.3	1.22	0.1595
-106.01677231853031	16.222860630999527	1.5	4.0	8.79	13.57	0.12	0.31	1.25	0.1603
-109.70355178832568	15.35582367700364	4.0	1.21	7.43	13.65	0.16	0.35	1.42	0.2415
-108.96270267829908	15.392609189244427	4.0	1.69	5.06	8.43	0.13	0.14	0.57	0.1185
-108.22148151401764	15.425682860458851	1.8	4.33	7.34	10.36	0.23	0.15	0.66	0.2858
-107.47992763936733	15.455041175636676	2.1	4.71	7.46	10.21	0.15	0.35	1.41	0.1845
-106.73808050471315	15.48068101692165	2.7	3.8	6.52	9.24	0.16	0.48	1.91	0.1915
-105.9959796543926	15.502599663127642	3.4	1.57	5.45	9.32	0.16	0.04	0.23	0.2663
-105.21989192132274	19.040133695961913	3.7	1.19	6.66	12.12	0.1	0.15	0.62	0.1154
-105.2028802923011	18.31618502633463	2.6	2.49	9.08	15.68	0.13	0.35	1.42	0.164
-104.44519593520455	18.33043584332462	4.0	0.52	7.97	15.41	0.09	0.99	3.97	0.2648
-103.68737505067323	18.3408633467706	4.0	0.54	9.63	18.72	0.11	0.43	1.71	0.1922
-105.18604744396302	17.592995094747064	3.2	2.38	7.91	13.44	0.12	0.34	1.35	0.1421
-104.43234335454709	17.607155048911395	2.9	1.38	4.92	8.46	0.13	0.31	1.26	0.2249
-103.67850487882156	17.617516083310406	4.0	1.49	7.54	13.6	0.18	0.4	1.61	0.1883
-102.92457364286815	17.624077142459456	4.0	0.95	6.72	12.49	0.14	0.55	2.21	0.1863
-102.17059130351805	17.626837558132895	4.0	1.38	7.42	13.46	0.12	0.68	2.73	0.2247
-105.1693905732012	16.870674880464662	3.2	2.03	8.46	14.9	0.12	0.46	1.86	0.1681
-104.41962516762162	16.884742770495475	2.7	2.77	11.0	19.24	0.12	0.22	0.9	0.1778
-103.66972747232336	16.895036456310073	2.5	1.39	8.22	15.06	0.12	0.83	3.32	0.2391
-102.91973846425732	16.901554874397238	3.4	1.82	5.28	8.73	0.14	0.18	0.74	0.2234
-102.16969915032836	16.904297351441272	4.0	1.71	5.22	8.72	0.18	0.28	1.12	0.2518
-101.41965055394819	16.903263604193917	4.0	1.46	11.67	21.88	0.09	1.01	4.03	0.2979
-100.66963370157477	16.89845373942015	3.8	0.35	8.13	15.91	0.12	0.68	2.74	0.2432
-105.15290693519427	16.14933416581067	3.7	2.42	5.06	7.69	0.17	0.48	1.93	0.1894
-104.40703927764523	16.163308833058863	3.5	2.44	5.97	9.49	0.1	0.19	0.78	0.1883
-103.66104138358598	16.173534321965406	2.5	3.79	7.37	10.94	0.1	0.19	0.75	0.2641
-102.91495359426095	16.18000956156612	3.6	3.2	6.43	9.65	0.18	0.36	1.45	0.1795
-102.16881628009763	16.182733873818606	4.0	1.89	8.96	16.03	0.2	0.12	0.51	0.2906
-101.42266982760553	16.181706973484264	3.2	1.69	8.42	15.15	0.18	0.38	1.55	0.1855
-100.67655462626193	16.17692896807848	3.9	1.88	4.79	7.7	0.11	0.4	1.59	0.1419
-99.93051105539533	16.16840035788937	3.5	1.02	8.35	15.67	0.11	0.69	2.75	0.2171
-99.1845794710771	16.15612203606502	2.9	0.33	13.72	27.11	0.13	0.27	1.08	0.4599
-105.13659384189994	15.42908146362422	4.0	0.99	5.25	9.5	0.1	0.18	0.71	0.1989
-104.39458363122341	15.442961792594637	2.2	2.78	6.18	9.58	0.1	0.31	1.24	0.2687
-103.65244519497891	15.453118267846303	3.1	2.72	5.68	8.64	0.18	0.4	1.6	0.2312
-102.91021825178355	15.459549811531987	3.7	2.37	4.84	7.31	0.12	0.03	0.18	0.1108
-102.1679425486904	15.462255741243606	4.0	2.03	8.12	14.21	0.1	0.23	0.91	0.1453
-100.68340391659538	15.456490005722273	2.6	3.2	6.42	9.64	0.17	0.21	0.88	0.1585
-99.94122050893462	15.448018952208855	3.0	2.22	5.42	8.62	0.14	0.55	2.21	0.1942
-99.19914735850489	15.435823508257519	2.4	3.58	11.34	19.1	0.17	0.57	2.29	0.2348
-98.45722416295455	15.4199049682868	2.7	2.73	5.49	8.24	0.23	0.45	1.82	0.2228
-97.71549057178966	15.400265022444593	4.0	1.02	6.15	11.29	0.14	0.23	0.92	0.1515
-96.97398617368658	15.376905756873763	4.0	0.37	9.41	18.45	0.12	0.88	3.54	0.2639
-96.23275048385318	15.349829654038366	4.0	0.59	6.77	12.96	0.13	0.4	1.61	0.1811
-95.49182293144882	15.319039593109146	4.0	1.0	7.93	14.86	0.17	0.51	2.04	0.2384
-94.75124284707333	15.284538850407206	4.0	1.46	10.2	18.94	0.13	0.26	1.04	0.4589
-94.01104945033431	15.246331099904083	4.0	1.65	16.11	30.57	0.16	0.51	2.05	0.5058
-93.271281837503	15.204420413776848	4.0	1.65	15.83	30.01	0.18	0.37	1.51	0.5
-105.12044866059455	14.710023946958243	2.5	3.09	6.51	9.94	0.16	0.2	0.82	0.1719
-104.38225621723365	14.72380886574812	2.6	1.71	5.04	8.38	0.14	0.49	1.96	0.2811
-103.64393751806263	14.733895542496166	2.2	3.35	8.97	14.58	0.12	0.15	0.61	0.1197
-102.90553167181596	14.740282893037921	3.1	3.24	6.76	10.28	0.15	0.12	0.5	0.1265
-102.16707781493977	14.742970230958093	2.8	3.47	6.48	9.5	0.13	0.4	1.59	0.146
-100.69018267898484	14.73724411148467	4.0	1.6	6.98	12.36	0.06	0.24	0.96	0.1178
-99.95181969933938	14.72883126940532	3.8	1.03	5.17	9.31	0.1	0.03	0.15	0.1013
-99.21356528302853	14.716719645421168	2.6	4.19	7.43	10.67	0.2	0.3	1.21	0.1991
-98.47545851835201	14.700910541526461	3.2	3.52	8.24	12.95	0.2	0.34	1.36	0.1889
-97.73753844669312	14.681405657728622	3.1	2.55	9.76	16.97	0.11	0.26	1.03	0.1574
-96.99984405015337	14.658207092289711	4.0	1.81	6.13	10.44	0.21	0.45	1.81	0.2397
-96.26241423923454	14.631317342023008	2.8	1.91	7.74	13.57	0.22	0.03	0.25	0.2257
-95.52528784057718	14.600739302643277	3.0	2.61	7.0	11.39	0.1	0.28	1.12	0.1239
-94.7885035847655	14.566476269169565	3.5	1.48	7.09	12.7	0.13	0.49	1.98	0.1788
-94.05210009420814	14.528531936379203	4.0	2.04	7.55	13.07	0.16	0.06	0.3	0.2837
-93.31611587110426	14.486910399310926	4.0	0.91	9.07	17.23	0.23	0.18	0.74	0.4349
-92.58058928550406	14.441616153816053	4.0	1.47	16.05	30.64	0.09	0.62	2.5	0.3489
-105.10446881245761	13.992267381127743	2.9	2.95	6.36	9.76	0.15	0.12	0.52	0.1611
-104.3700550657433	14.00595586180795	3.6	1.6	3.35	5.09	0.1	0.64	2.54	0.1956
-103.63551699284118	14.015971987381345	1.5	3.51	10.38	17.26	0.13	0.41	1.65	0.1699
-102.90089310502341	14.022314667927303	3.5	1.57	6.06	10.54	0.2	0.21	0.85	0.2196
-102.16622194057145	14.024983213378682	4.0	2.44	8.94	15.44	0.1	0.14	0.57	0.2519
-101.43154205265046	14.023977333432962	3.0	3.38	6.56	9.74	0.15	0.42	1.68	0.1962
-100.69689199717239	14.019297137514592	3.8	1.98	5.06	8.15	0.09	0.29	1.17	0.1033
-99.96231032065643	14.010943134789317	3.0	2.59	6.09	9.58	0.11	0.33	1.31	0.1531
-99.22783554809735	13.998916234229824	3.2	3.18	6.58	9.97	0.17	0.15	0.63	0.2285
-98.49350617085031	13.983217744732507	4.0	2.75	4.56	6.36	0.14	0.0	0.14	0.2358
-97.75936063454253	13.963849375285491	3.6	1.71	5.15	8.59	0.11	0.18	0.71	0.1696
-97.02543732702051	13.940813235186571	3.7	3.44	11.08	18.72	0.18	0.12	0.5	0.1694
-96.29177456634298	13.914111834310575	4.0	2.56	6.03	9.49	0.09	0.07	0.29	0.1942
-95.55841058882825	13.883748083425063	4.0	1.4	12.37	23.34	0.12	0.55	2.21	0.3853
-94.82538353716576	13.849725294553126	4.0	1.24	6.63	12.03	0.1	0.23	0.93	0.1102
-94.09273144860079	13.812047181381985	2.9	2.16	5.62	9.08	0.12	0.22	0.9	0.3375
-93.36049224320129	13.770717859715415	4.0	1.01	10.89	20.77	0.16	0.41	1.65	0.3246
-92.62870371221616	13.725741847968717	4.0	1.3	10.0	18.7	0.19	0.65	2.61	0.3561
-105.08865177119951	13.275916058212207	2.2	4.31	10.19	16.06	0.19	0.14	0.59	0.1735
-104.3579782469605	13.289507117151318	2.6	0.36	10.37	20.37	0.09	0.26	1.04	0.2178
-103.62718228703747	13.29945197129432	2.8	1.97	6.56	11.14	0.12	0.09	0.39	0.1072
-102.89630181734604	13.305749525520342	3.5	2.14	5.2	8.27	0.15	0.4	1.61	0.1639
-102.16537479012996	13.30839908646242	3.8	1.55	6.73	11.91	0.1	0.07	0.3	0.1346
-101.43443917214137	13.307400362428165	3.8	1.3	4.78	8.26	0.19	0.14	0.58	0.1529
-100.70353293280988	13.302753463366068	2.9	2.68	6.14	9.61	0.09	0.15	0.6	0.0869
-99.9726940324093	13.294458900878261	1.9	3.79	7.15	10.51	0.15	0.4	1.6	0.1841
-99.24196041023177	13.282517588279177	3.4	2.81	8.39	13.98	0.1	0.26	1.05	0.1274
-98.51136997277801	13.266930840700224	4.0	1.24	4.98	8.72	0.09	0.25	1.01	0.3037
-97.78096058197333	13.247700375239852	3.7	2.73	6.04	9.35	0.14	0.4	1.62	0.2033
-97.05077004341801	13.22482831115827	4.0	1.27	5.0	8.73	0.14	0.28	1.12	0.1269
-96.32083609468175	13.198317170116445	4.0	2.18	8.77	15.36	0.1	0.42	1.66	0.1601
-95.59119639365072	13.1681698764578	4.0	2.04	6.89	11.75	0.19	0.12	0.5	0.2558
-94.86188850693645	13.134389757531816	3.7	2.74	6.28	9.82	0.1	0.15	0.63	0.2573
-94.13294989835532	13.09698054405811	4.0	1.86	6.82	11.77	0.15	0.08	0.37	0.1941
-93.40441791748746	13.055946370529158	4.0	2.22	5.32	8.42	0.14	0.81	3.25	0.2687
-92.67632978832366	13.01129177565031	3.6	2.5	7.61	12.72	0.21	0.36	1.44	0.1911
-105.07299506173085	12.561072734107077	3.9	2.51	5.49	8.47	0.11	0.23	0.93	0.1092
-104.34602387021708	12.574565432238057	2.4	0.34	8.2	16.06	0.15	0.14	0.58	0.2133
-103.61893209539079	12.584438327306106	2.3	2.4	7.73	13.06	0.07	0.39	1.55	0.1295
-102.89175708961172	12.590690319539975	3.5	1.58	5.32	9.06	0.08	0.23	0.93	0.0928
-102.16453623090723	12.593320712621356	1.0	3.87	12.44	21.0	0.1	0.5	2.02	0.2249
-101.43730691144904	12.592329213614526	4.0	0.89	3.91	6.94	0.13	0.42	1.68	0.1576
-100.71010652601905	12.587715932936822	2.4	2.87	6.2	9.54	0.12	0.41	1.64	0.2097
-99.98297246047319	12.579481384369563	4.0	1.43	13.07	24.7	0.19	0.34	1.39	0.3574
-99.25594208021218	12.56762648511027	4.0	1.0	8.29	15.57	0.25	0.27	1.12	0.2207
-98.52905271866797	12.552152555865016	2.8	2.69	6.16	9.63	0.17	0.11	0.48	0.1798
-97.80234166581485	12.533061320981158	3.2	2.53	6.07	9.6	0.1	0.12	0.49	0.0913
-94.17276169946236	12.383434193936605	4.0	2.87	6.97	11.07	0.1	0.24	0.98	0.0994
-93.447899717259	12.342697966908249	4.0	2.99	10.48	17.97	0.19	0.22	0.92	0.1955
-92.72347490091273	12.298367825829365	4.0	1.43	8.87	16.31	0.09	0.27	1.07	0.3082
-88.0863585120814	21.70892501030361	3.5	3.72	15.86	28.0	0.2	0.36	1.44	0.2242
-87.31342574670701	21.636648628497788	3.5	2.14	10.7	19.25	0.21	0.65	2.62	0.2312
-86.54134815453676	21.560484394958475	2.3	3.67	11.66	19.66	0.17	0.46	1.83	0.1882
-89.7012301357461	21.11846185225318	1.3	4.01	13.42	22.84	0.31	0.49	1.98	0.2171
-88.93084538322226	21.054351221356857	3.0	0.4	8.29	16.18	0.14	0.56	2.26	0.2012
-88.16121615827751	20.986362547094846	3.5	3.77	19.03	34.3	0.36	0.89	3.58	0.3443
-87.39238560828578	20.914502304882838	3.5	2.63	14.5	26.37	0.31	1.04	4.15	0.3002
-86.62439660752301	20.838777354437717	3.5	2.21	12.33	22.46	0.3	0.67	2.7	0.2936
-89.76713302625973	20.395427156787882	3.5	2.72	17.56	32.39	0.31	0.53	2.13	0.2894
-89.00083229467171	20.331692708454145	3.5	2.78	12.52	22.27	0.23	0.9	3.62	0.2516
-88.23527508399792	20.264103569923563	3.5	4.42	14.44	24.46	0.16	0.28	1.13	0.2129
-87.47050387282337	20.192666282740916	3.5	4.25	13.99	23.74	0.12	0.48	1.92	0.1895
-90.59528422836432	19.732312668723548	3.5	6.54	17.65	28.76	0.41	0.27	1.14	0.3723
-89.83233508702904	19.67279755584431	3.5	5.57	15.99	26.41	0.23	0.15	0.63	0.2447
-89.0700756431438	19.609445232805435	3.4	4.27	12.52	20.77	0.14	0.31	1.24	0.1681
-88.30854796588666	19.54226191485184	2.9	4.95	13.0	21.06	0.19	0.33	1.32	0.1796
-87.54779387866944	19.471254206002293	3.2	2.21	11.6	21.0	0.2	0.37	1.5	0.179
-96.74669819725176	19.345146094802086	3.0	2.63	12.16	21.7	0.23	0.28	1.14	0.16
-90.6557864764709	19.009837557949595	3.5	7.86	23.89	39.93	0.49	0.44	1.81	0.4271
-89.89684741162807	18.95068636776888	3.5	6.26	16.48	26.71	0.33	0.35	1.43	0.3249
-89.13858718402113	18.887721938186193	3.5	5.03	15.91	26.79	0.28	0.2	0.86	0.1965
-88.38104721455635	18.820950540450067	2.6	5.19	13.77	22.35	0.21	0.3	1.23	0.1809
-96.77451096959852	18.62121223027252	3.5	0.51	11.71	22.91	0.25	0.92	3.71	0.2658
-96.0156866733951	18.592922536248683	3.5	2.86	12.03	21.2	0.18	0.49	1.95	0.188
-95.25719747098395	18.560807356553653	3.5	0.8	9.36	17.92	0.2	0.25	1.02	0.2009
-92.22743315225534	18.394161798695343	3.5	5.56	18.24	30.93	0.41	0.28	1.19	0.3166
-91.47124933386753	18.34297508766591	2.4	7.83	14.99	22.16	0.21	0.15	0.62	0.2211
-90.71565149900913	18.28798796198027	3.5	5.62	14.07	22.52	0.11	0.4	1.61	0.1687
-89.96068086127696	18.229205960863535	3.5	4.59	19.2	33.8	0.32	0.2	0.87	0.3032
-89.206378426852	18.16663501521628	3.5	5.12	14.54	23.96	0.18	0.42	1.68	0.1998
-96.04719433711028	17.869875410711565	3.5	0.75	10.12	19.49	0.15	0.64	2.57	0.2112
-95.29268758852444	17.83796341472676	3.5	1.67	14.48	27.28	0.22	0.54	2.17	0.2449
-94.53855219308035	17.802253483559596	3.5	2.6	11.33	20.07	0.23	0.24	0.99	0.2489
-93.78482954603824	17.762749244100373	3.5	2.79	19.73	36.67	0.45	0.55	2.25	0.3853
-93.03156090617117	17.719454712725216	1.5	5.26	12.21	19.15	0.16	0.28	1.14	0.2044
-92.27878738238078	17.672374296119486	3.4	4.09	11.29	18.48	0.29	0.43	1.73	0.2585
-91.52654992043631	17.621512792172037	3.5	3.65	14.83	26.01	0.25	0.9	3.62	0.2797
-94.57760607614118	17.08046451064643	3.5	2.28	12.94	23.59	0.16	0.26	1.04	0.2031
-93.82781213264433	17.04121553346359	3.5	2.17	11.99	21.81	0.15	0.4	1.61	0.1852
-93.07846512275282	16.998200982165223	1.0	7.11	13.48	19.86	0.32	0.31	1.3	0.3272
-92.32960552127967	16.9514252967606	3.5	1.05	10.4	19.74	0.18	0.39	1.57	0.2272
-91.58127364410501	16.90089331110062	3.5	3.18	19.82	36.46	0.54	0.39	1.64	0.4509
-93.87034776130702	16.32062245763852	3.5	3.64	18.2	32.75	0.33	0.77	3.09	0.3211
-93.12488190442372	16.277891443707084	3.5	2.17	21.63	41.1	0.54	0.53	2.18	0.4594
-92.3798959072548	16.231424349134425	3.5	1.08	16.39	31.7	0.36	0.51	2.06	0.3234
-91.63542946858861	16.181226041149632	3.5	4.17	19.45	34.73	0.55	0.45	1.9	0.4764
-93.17081880056638	15.558634544357862	3.5	4.12	18.67	33.22	0.42	0.95	3.84	0.3885
-92.4296667068342	15.512479758043911	2.4	3.12	10.0	16.88	0.24	0.52	2.07	0.2595
-103.76174511041135	24.593397544795213	2.0	3.58	9.98	16.38	0.18	0.58	1.17	0.1243
-102.96767260462235	24.600306410948303	2.0	2.3	8.59	14.87	0.17	0.89	1.78	0.1243
-102.17354076577993	24.603195148381296	2.4	1.13	8.77	16.41	0.08	1.02	2.05	0.1261
-101.37939828546686	24.60206350718213	2.0	2.36	10.25	18.14	0.14	1.0	2.0	0.1216
-100.5852938591807	24.596911585248442	1.5	3.03	11.94	20.84	0.15	1.2	2.41	0.1758
-102.96234404926436	23.874151701965257	2.5	0.65	6.89	13.13	0.1	0.17	0.35	0.0985
-102.17258512384943	23.87702524490373	1.5	1.71	8.51	15.32	0.09	2.04	4.09	0.1455
-101.38281573179289	23.875899555893668	1.0	3.64	7.41	11.19	0.19	0.72	1.46	0.0837
-100.59308376858655	23.870774734240058	1.0	3.56	9.37	15.18	0.16	1.34	2.68	0.2499
-102.95707385577047	23.14787591030275	2.0	0.87	7.44	14.0	0.12	0.58	1.16	0.1321
-102.17163994919528	23.150733961385008	2.0	0.45	8.72	16.99	0.08	0.63	1.25	0.1617
-101.3861957469988	23.149614341056896	2.0	1.19	8.73	16.27	0.36	0.6	1.25	0.2061
-100.6007883620954	23.14451714997106	1.5	4.38	9.99	15.61	0.23	0.62	1.26	0.1845
-102.9518610705503	22.42159663094868	2.0	0.61	7.21	13.82	0.09	0.24	0.48	0.2254
-102.17070507078004	22.42443889978238	2.5	0.63	8.39	16.14	0.05	1.15	2.31	0.1481
-101.38953894270314	22.42332546189885	3.0	0.17	8.42	16.68	0.08	0.88	1.77	0.1439
-100.60840903361301	22.418256419238613	2.0	0.47	9.12	17.78	0.08	1.18	2.36	0.1692
-102.94670476067523	21.695430876508315	1.5	1.1	8.29	15.47	0.09	0.97	1.94	0.1823
-102.16978032127243	21.698257079853914	2.8	0.59	7.94	15.3	0.14	0.76	1.52	0.1563
-101.3928459172718	21.6971499353756	2.5	0.52	7.31	14.11	0.09	1.11	2.22	0.22
-100.61594714684537	21.692109546241756	2.5	0.25	10.51	20.76	0.16	1.23	2.47	0.1348
-105.51283360025778	27.398727775995784	3.0	0.55	8.06	15.57	0.21	0.89	1.8	0.1378
-105.08778061332966	26.763590534358325	3.0	0.36	10.47	20.58	0.08	0.06	0.14	0.0922
-104.74739170034145	26.09620633890117	2.7	0.4	9.06	17.72	0.14	1.04	2.08	0.1559
-104.21872186236729	26.48523198615617	2.5	0.69	8.53	16.38	0.12	1.32	2.64	0.1365
-98.20088425068616	18.358809726780272	3.0	0.33	11.4	22.47	0.21	0.72	1.46	0.3357
-97.53792939183707	18.340571864591023	2.5	0.79	11.24	21.69	0.06	0.2	0.41	0.2115
-96.8751652238206	18.319408887477973	3.0	0.32	10.36	20.39	0.09	0.97	1.94	0.1459
-98.21837115289284	17.725995597938333	2.5	0.84	10.67	20.49	0.12	2.31	4.61	0.1265
-97.55846417954568	17.70785930329518	2.0	2.16	12.09	22.02	0.2	2.0	4.0	0.0791
-96.8987452781163	17.686814230518504	3.0	0.23	12.65	25.07	0.07	1.36	2.72	0.0941
-100.20719662332179	17.130565124004022	3.0	0.31	13.31	26.3	0.1	0.95	1.91	0.1389
-99.54991826544156	17.121215953682583	3.0	0.42	10.52	20.62	0.06	0.5	0.99	0.1775
-98.89274281903039	17.108970951547086	3.0	0.36	10.36	20.36	0.06	0.65	1.3	0.1554
-98.23569784899271	17.093831082075397	3.0	0.34	10.0	19.66	0.04	0.37	0.74	0.1137
-97.57881088738269	17.07579753818855	3.0	0.44	9.03	17.62	0.04	0.51	1.02	0.1162
-96.92210942649864	17.05487174142809	3.0	0.19	10.4	20.6	0.11	1.77	3.55	0.0924
-98.25286653003826	16.46238991624568	3.0	0.59	9.64	18.68	0.08	1.66	3.31	0.1014
-97.59897208672014	16.444460269888566	3.0	0.35	8.91	17.47	0.06	0.99	1.97	0.1162
-96.94526061957754	16.42365507854294	3.0	0.35	9.19	18.03	0.08	1.14	2.28	0.1022
-96.31766041149906	15.769696879382899	3.0	0.53	9.48	18.43	0.09	0.11	0.23	0.0992
-103.6805657514881	29.410287141199504	3.3	1.5	11.67	21.83	0.16	0.19	0.41	0.0932
-102.6786553182497	29.434104929856765	3.7	1.02	13.25	25.48	0.27	0.15	0.4	0.1095
-101.67571611772257	29.450428976751226	3.2	2.36	11.97	21.58	0.26	0.65	1.32	0.1128
-100.67214672048863	29.459228836455512	2.2	5.65	11.84	18.04	0.33	0.64	2.6	0.1082
-103.64962723264694	28.53803414924608	2.4	2.56	9.77	16.98	0.25	0.17	0.42	0.1431
-102.65610950682564	28.561010835308636	2.9	0.98	9.91	18.84	0.16	0.3	0.62	0.1861
-101.66160627419721	28.576750298106017	2.5	4.24	13.33	22.41	0.33	0.2	0.51	0.1155
-100.66648567554205	28.58524946790357	2.6	4.62	11.74	18.85	0.45	0.35	0.83	0.1543
-103.62003304712871	27.665751539677686	1.7	3.44	11.28	19.11	0.35	1.4	2.82	0.1334
-102.63453990905168	27.687897290406315	2.6	3.72	12.09	20.46	0.76	0.63	1.48	0.1448
-101.64810323408467	27.703079077672417	2.9	4.11	10.63	17.14	0.29	1.88	3.76	0.1127
-100.66106150169998	27.71126698945775	3.0	3.28	12.94	22.61	0.3	2.15	4.31	0.1209
-103.591752252784	26.793436594194755	2.0	2.9	11.79	20.69	0.23	0.48	0.99	0.105
-102.61393507733494	26.814771021753224	1.5	4.83	12.1	19.38	0.6	0.98	2.05	0.1678
-101.6351948686301	26.82939527319127	2.5	3.63	11.09	18.54	0.45	0.66	1.4	0.1184
-100.65588156801611	26.837279678669912	3.3	0.39	9.2	18.01	0.1	0.84	1.69	0.0622
-103.56472502750933	25.921093279000356	2.4	2.44	10.98	19.53	0.3	1.81	3.62	0.1059
-102.5942338692875	25.941627218384454	2.4	2.86	12.3	21.74	0.26	1.58	3.16	0.0939
-101.62286942330017	25.95570324782492	2.8	1.31	10.49	19.66	0.43	1.08	2.2	0.1623
-100.65093293701433	25.96329199260273	2.8	1.26	10.91	20.56	0.37	1.45	2.91	0.159
-103.53891340117097	25.048732064511096	2.5	2.97	11.69	20.4	0.24	2.3	4.61	0.1049
-102.5754268402072	25.06847660948648	2.9	1.73	10.27	18.81	0.2	1.64	3.28	0.0981
-101.61109563619706	25.08200493300554	3.0	1.15	10.56	19.97	0.13	0.17	0.36	0.1021
-100.6462130231722	25.0893060786786	2.6	1.83	12.64	23.44	0.19	1.06	2.12	0.165
-99.67378436703616	27.71245604585118	3.0	2.46	11.75	21.03	0.18	1.1	2.21	0.187
-99.67634575495143	26.838419509182604	2.7	1.11	12.4	23.68	0.08	1.35	2.71	0.0922
-99.67878627829013	25.96439792620081	2.4	1.45	12.87	24.28	0.07	1.22	2.45	0.1035
-98.70674168536189	25.95900452804666	3.5	2.65	12.9	23.14	0.22	0.14	0.36	0.2051
-97.73515098046101	25.947129575946455	3.7	2.02	13.52	25.02	0.25	0.83	1.67	0.247
-99.68112256746937	25.090366446780457	3.0	1.06	13.4	25.75	0.07	0.27	0.54	0.1607
-98.71612834569241	25.085178533946614	3.2	0.8	14.25	27.71	0.07	0.18	0.36	0.1564
-97.75157378672851	25.073760005529778	2.5	3.32	13.74	24.16	0.41	0.49	1.07	0.2134
-99.68334046158223	24.216333903061575	3.2	0.87	13.11	25.35	0.06	0.57	1.15	0.1654
-98.72508161322159	24.211356378360314	3.0	0.85	15.08	29.3	0.07	0.79	1.58	0.1486
-97.76723890723055	24.20038826738407	3.2	1.09	13.0	24.91	0.09	0.35	0.7	0.1628
-99.68546548167636	23.342307899325156	3.0	1.82	13.13	24.45	0.35	0.51	1.08	0.1848
-98.73362536729968	23.337527357706826	3.0	0.79	14.23	27.66	0.09	1.27	2.54	0.1648
-97.78218809021557	23.327003804296655	3.0	0.87	12.81	24.75	0.05	82.0	1.65	0.148
-99.68748371389803	22.46827573878594	2.5	0.97	10.64	20.31	0.08	0.82	1.65	0.1658
-98.74175306059419	22.463696735678738	3.0	1.01	11.14	21.27	0.08	1.02	2.05	0.1771
-97.79642225947326	22.45361157913809	3.0	0.7	13.79	26.87	0.11	0.99	1.98	0.1393
-99.68941023308686	21.59425110092895	2.5	0.61	11.01	21.42	0.08	0.96	1.92	0.1468
-98.74949707126994	21.589869312449757	2.8	0.64	13.11	25.57	0.09	0.59	1.18	0.0931
-97.80997132356116	21.580216073469053	3.5	0.83	12.97	25.11	0.18	0.67	1.35	0.1892
-97.82284562902193	20.706802068566045	3.2	0.61	12.73	24.84	0.18	95.0	1.9	0.1123
-105.0046933874101	20.757372783229712	2.6	0.52	10.61	20.71	0.12	1.44	2.89	0.1287
-104.99061747789968	20.1226889126579	2.5	0.65	9.6	19.27	0.11	1.71	3.43	0.1491
-104.97667281576759	19.488370718902	2.0	1.13	13.06	25.0	0.13	1.06	2.13	0.2017
-104.3079713573435	19.50005534770614	2.3	1.0	11.28	21.57	0.09	0.23	0.46	0.1624
-102.97029639793553	19.51455302702582	2.8	0.45	6.17	11.9	0.08	0.84	1.68	0.1155
-100.96354013801775	19.51411411016623	2.0	1.0	10.53	20.06	0.13	0.69	1.4	0.145
-103.63156035324741	18.874796546799715	2.5	0.77	11.07	21.38	0.11	0.62	1.25	0.138
-102.96579194032381	18.88053545482068	2.5	0.66	10.7	20.74	0.12	0.91	1.83	0.1422
-102.29998190051833	18.88333225492683	2.0	1.27	11.01	20.76	0.11	1.39	2.79	0.1492
-101.63415893022199	18.883186734585582	2.0	0.71	9.27	17.86	0.09	1.1	2.2	0.1181
-100.96835172916971	18.88009890485483	2.0	0.82	10.81	20.8	0.1	0.8	1.6	0.2171
-100.30258899301842	18.874069000384853	2.0	0.89	10.79	20.68	0.12	1.01	2.03	0.1778
-102.96132911138812	18.247033546319926	2.0	1.52	11.36	21.21	0.06	1.48	2.97	0.1037
-102.2985956762543	18.249814992441856	2.5	0.63	12.76	24.88	0.08	3.64	7.29	0.1541
-101.63584948905589	18.249670270962145	2.0	0.79	10.22	19.64	0.09	1.23	2.45	0.1419
-100.97311885350426	18.246599393023217	2.2	0.69	11.26	21.82	0.12	1.16	2.33	0.187
-100.31043206932608	18.24060259506901	2.0	2.5	11.7	20.9	0.27	0.27	3.4	6.8004
-99.64781742501387	18.231680338885297	2.5	1.83	11.8	21.77	0.53	1.45	2.95	0.2192
-98.98530319058372	18.219833311678073	2.0	3.58	13.28	22.98	0.31	2.18	4.38	0.2113
-100.97784212459281	17.613690588378713	2.5	0.61	12.39	24.16	0.11	1.21	2.43	0.1392
-100.31820300268802	17.607727296412136	2.0	1.32	10.26	19.21	0.13	2.04	4.09	0.3259
-99.65863502993298	17.59885489910913	2.0	0.87	12.69	24.52	0.16	1.85	3.71	0.2543
-98.99916608834069	17.58707408858715	2.0	1.18	11.07	20.96	0.15	2.02	4.05	0.222
-100.21773381198058	20.84999279837572	2.0	0.79	7.49	14.19	0.12	0.77	1.54	0.1147
-99.73526159650098	20.843593366847067	2.0	0.86	6.45	12.03	0.06	0.68	1.36	0.0839
-100.22370994270398	20.396516400242916	1.5	1.03	7.93	14.83	0.08	0.09	0.2	0.1155
-99.74285503041725	20.39014062734061	1.5	0.84	9.93	19.03	0.07	1.62	3.25	0.1559
-99.26205086266795	20.382244916513372	2.0	0.66	6.23	11.79	0.09	0.65	1.3	0.1288
-98.78130823679037	20.372829564088878	2.5	0.4	6.11	11.83	0.08	1.02	2.05	0.1418
-100.22964613216875	19.943210204732907	2.0	0.71	6.11	11.5	0.1	0.36	0.74	0.111
-99.75039771865559	19.936858324066396	2.0	0.81	6.08	11.36	0.08	0.53	1.06	0.1654
-99.27119954274657	19.92899220589404	2.0	0.64	9.01	17.37	0.07	0.53	1.07	0.1393
-98.7920622940065	19.91961214842423	2.5	0.4	7.74	15.07	0.1	0.72	1.44	0.1388
-98.3129966538423	19.908718507355054	3.2	0.66	6.26	11.87	0.11	0.21	0.43	0.0682
-100.23554277944011	19.490102095427872	2.5	0.69	5.2	9.71	0.08	0.46	0.92	0.152
-99.75789016816823	19.483774336301952	2.0	0.94	8.13	15.32	0.11	1.7	3.4	0.163
-99.28028729429651	19.475938094667097	2.5	0.57	5.64	10.71	0.1	0.97	1.95	0.1639
-98.80274474104932	19.466593670546327	2.5	0.63	4.8	8.97	0.11	0.36	0.74	0.2116
-98.325273083628	19.455741421799033	2.5	0.64	6.62	12.91	0.15	0.16	0.36	0.2352
-99.76533287917773	19.030916398452348	2.5	0.73	5.35	9.97	0.12	1.69	3.39	0.1545
-99.28931472388471	19.023110311846082	2.5	0.62	7.96	15.29	0.14	1.44	2.88	0.1981
-98.81335629069521	19.013801853039215	2.5	0.72	7.96	15.98	0.13	0.79	1.58	0.2585
-98.33746805000784	19.002991381973647	2.5	0.83	4.73	8.62	0.17	0.16	0.36	0.2934
-105.05314259071308	21.283601436687583	2.7	0.37	6.93	13.5	0.14	0.44	1.77	0.1807
-104.56913112772064	21.29249398798575	2.5	0.35	7.26	14.16	0.12	0.36	1.45	0.1571
-104.08506113072528	21.299855540896488	3.2	0.34	5.43	10.52	0.15	0.17	0.7	0.1302
-103.11678962191513	21.309984625630374	3.0	0.38	3.75	7.13	0.19	0.51	2.04	0.1988
-102.63261016842499	21.312751785283737	2.5	1.29	5.18	9.08	0.09	0.19	0.77	0.1282
-102.14841629456784	21.31398720216599	3.0	0.34	8.82	17.31	0.2	0.26	1.05	0.2267
-101.66421903745331	21.31369083089753	4.0	0.48	8.79	17.11	0.15	0.62	2.5	0.2361
-104.56048852261276	20.838915949443233	2.3	0.34	11.39	22.43	0.2	0.35	1.42	0.2884
-104.07804643647806	20.846250656020228	2.3	0.34	6.81	13.27	0.16	0.32	1.3	0.1734
-103.59555731437938	20.852059681167557	2.3	0.65	3.99	7.33	0.16	0.45	1.82	0.1713
-103.11303207212738	20.856342809172013	2.2	0.72	3.88	7.04	0.16	0.52	2.07	0.2158
-102.63048163043786	20.85909988100967	1.7	0.99	5.32	9.65	0.16	0.25	1.03	0.1384
-102.1479169134494	20.860330794327904	2.7	0.36	7.46	14.55	0.14	0.43	1.72	0.1968
-101.66534884723974	20.860035503433586	3.5	0.33	3.89	7.44	0.07	0.25	0.98	0.1193
-101.1827883583417	20.85821401928819	3.7	0.37	8.67	16.97	0.16	0.77	3.09	0.2685
-100.70024637225863	20.85486640950873	2.2	0.34	10.02	19.69	0.15	0.95	3.82	0.3125
-104.07107877925924	20.392788092129237	2.7	0.35	4.73	9.11	0.13	0.21	0.86	0.144
-103.59020712982891	20.398575642524996	1.9	1.22	4.62	8.01	0.11	0.21	0.86	0.1106
-103.10929972234763	20.40284293851064	2.0	0.31	5.03	9.75	0.15	0.23	0.92	0.1337
-102.62836736807287	20.405589820008107	2.3	0.39	5.17	9.96	0.12	0.03	0.16	0.1932
-102.14742088162794	20.40681618398575	2.7	0.37	9.15	17.92	0.16	1.0	3.98	0.3271
-101.66647107954302	20.406521984447416	2.6	0.37	6.48	12.59	0.15	0.17	0.71	0.205
-101.18552877879571	20.404707232427228	1.4	1.22	9.81	18.4	0.19	0.55	2.2	0.2495
-100.70460479535141	20.40137199599085	2.7	1.16	4.34	7.52	0.15	0.43	1.73	0.1595
-104.06415768757209	19.939495867474513	2.5	0.35	9.23	18.1	0.22	0.22	0.9	0.424
-103.58489270413341	19.94526173104091	3.0	0.39	5.39	10.39	0.1	0.34	1.36	0.1278
-103.10559231992232	19.949513038604916	2.3	0.31	6.75	13.19	0.13	0.34	1.36	0.1589
-102.6262672381959	19.952249629070007	1.3	0.97	8.06	15.15	0.16	0.26	1.06	0.1705
-102.14692816552105	19.953471398748682	2.0	0.79	4.45	8.11	0.22	0.29	1.18	0.1733
-101.66758581033996	19.953178301351866	1.7	0.35	5.19	10.03	0.18	0.38	1.52	0.1588
-101.18825088153478	19.951370347983953	1.5	0.97	7.7	14.43	0.18	0.35	1.4	0.1887
-100.70893408699231	19.948047607143998	2.3	1.03	7.68	14.33	0.16	0.32	1.3	0.1731
-97.35512287552578	19.882392184884953	2.8	0.96	4.43	7.9	0.12	0.14	0.56	0.1089
-96.87633604657847	19.866960502687924	4.0	0.46	5.62	10.77	0.21	0.21	0.85	0.1866
-103.57961368000089	19.492145831687733	3.1	0.73	4.19	7.66	0.16	0.13	0.55	0.1865
-102.14643873199374	19.500324329152342	2.1	0.76	6.3	11.83	0.18	0.35	1.42	0.1698
-101.66869311459504	19.50003234448396	1.8	0.39	9.35	18.31	0.22	0.55	2.19	0.2601
-101.19095484960609	19.498231255070277	2.4	0.93	4.88	8.82	0.19	0.15	0.62	0.1511
-97.84788288780825	19.44338176415615	3.1	1.43	5.22	9.0	0.17	0.06	0.28	0.1447
-97.3705847085405	19.429515171261166	3.3	1.05	4.62	8.18	0.21	0.14	0.59	0.1825
-96.89338908855402	19.414142174716435	4.0	0.51	4.47	8.42	0.08	0.45	1.79	0.1461
-101.66979306627726	19.047111859433905	2.3	0.38	5.31	10.24	0.13	0.21	0.87	0.196
-97.86166046295071	18.99067931679552	1.9	0.31	13.67	27.04	0.14	0.42	1.69	0.4064
-97.38594398000501	18.976866133894315	3.2	0.32	4.93	9.54	0.15	0.62	2.48	0.1956
-96.91032903963193	18.961552367947558	2.8	0.31	8.62	16.93	0.25	0.58	2.32	0.3167
-114.00964131491628	32.115476216878854	3.2	0.68	7.58	14.49	0.13	0.37	1.5	0.1777
-113.16954265035506	32.17336120428798	3.5	0.76	7.29	13.81	0.1	0.17	0.71	0.126
-113.10433441424163	31.457767897513083	3.0	0.36	6.13	11.9	0.14	0.4	1.62	0.166
-112.26834094110909	31.511247788268744	3.3	0.59	4.29	8.0	0.14	0.11	0.48	0.1919
-111.43164791487152	31.560542301910687	1.8	1.29	4.81	8.33	0.11	0.24	0.96	0.2155
-110.59431147712878	31.605648020065004	3.0	0.97	4.16	7.36	0.09	0.25	1.01	0.1048
-109.75638803128884	31.646561823890796	2.4	2.53	6.02	9.51	0.09	0.23	0.93	0.1219
-108.91793422014527	31.6832808918972	2.6	1.33	7.45	13.56	0.14	0.36	1.44	0.1607
-113.03988163984859	30.740790891427153	3.4	0.98	4.55	8.13	0.09	0.25	1.02	0.1641
-112.20870623930152	30.79405769886564	3.3	0.7	3.7	6.7	0.12	0.41	1.63	0.1469
-111.37684336211338	30.84315619199807	3.5	0.73	6.44	12.16	0.09	0.24	0.98	0.114
-110.54434819244374	30.88808287180746	3.5	0.48	2.57	4.67	0.08	0.3	1.21	0.1258
-109.71127616878483	30.928834545409856	3.4	0.38	3.47	6.56	0.11	0.48	1.93	0.1544
-108.87768296216946	30.96540832394319	3.3	0.37	5.37	10.38	0.12	0.21	0.85	0.1408
-112.1497590601211	30.07559533708872	2.7	1.04	7.21	13.38	0.13	0.36	1.45	0.1526
-111.32267114423259	30.124492060191752	2.7	1.04	7.52	13.99	0.17	0.24	0.99	0.1742
-110.49496180051116	30.169234434315573	3.0	0.63	4.14	7.65	0.11	0.2	0.8	0.1385
-109.66668552432907	30.209819194600172	2.6	1.2	4.57	7.94	0.07	0.28	1.11	0.1015
-108.83789703698721	30.24624338668713	2.8	0.72	4.01	7.3	0.11	0.22	0.88	0.1336
-112.09148760171665	29.355978799208877	3.0	0.48	6.2	11.92	0.11	0.36	1.44	0.1809
-111.26912039537675	29.40466808058532	2.4	1.19	4.47	7.74	0.1	0.25	0.99	0.1993
-110.44614237870023	29.44922095276373	2.9	0.83	4.41	8.0	0.1	0.13	0.54	0.1466
-109.62260712512565	29.489634081004613	2.8	0.86	6.62	12.37	0.09	0.72	2.89	0.2119
-108.79856842763242	29.525904447354407	2.6	0.73	4.28	7.83	0.13	0.25	0.99	0.1594
-107.97408027793169	29.558029348853648	3.2	0.47	3.9	7.33	0.11	0.26	1.05	0.1205
-111.21618049688652	28.683802704278644	3.4	0.32	7.88	15.44	0.1	0.25	1.0	0.172
-110.39788023038349	28.728160953073	2.8	0.74	4.17	7.6	0.14	0.44	1.76	0.1839
-109.57903220296828	28.76839779831037	3.5	0.39	4.25	8.12	0.1	0.35	1.41	0.1322
-108.75968930011119	28.804510160367993	3.0	0.32	8.11	15.91	0.13	0.33	1.32	0.1712
-107.93990460041972	28.836495280769732	3.1	0.51	3.93	7.35	0.16	0.29	1.18	0.1501
-107.1197313552197	28.864350720629886	1.3	2.36	7.91	13.46	0.05	0.23	0.91	0.1489
-110.35016587854606	28.00617315427457	3.2	0.32	6.64	12.96	0.1	0.3	1.22	0.1351
-109.53595218844752	28.046229136645973	2.8	0.35	7.34	14.33	0.1	0.12	0.5	0.1394
-108.72125199821542	28.082179379586282	2.7	0.34	5.38	10.43	0.09	0.32	1.28	0.2442
-107.90611749377567	28.11402107085181	2.9	0.66	4.0	7.35	0.07	0.23	0.94	0.0834
-107.09060102893183	28.141751723800976	2.9	0.77	6.82	12.88	0.11	0.15	0.61	0.1357
-109.49335870535374	27.323246994409235	3.1	0.32	7.11	13.9	0.1	0.2	0.79	0.1588
-108.68324903851143	27.359031070065274	3.2	0.31	4.24	8.18	0.13	0.19	0.77	0.1841
-107.87271237218353	27.39072574313634	3.3	0.54	3.14	5.73	0.11	0.23	0.92	0.1335
-107.06180018266892	27.41832848079105	3.3	0.49	3.16	5.84	0.14	0.42	1.7	0.168
-106.2505640900047	27.441837080330274	2.5	1.34	4.38	7.41	0.09	0.3	1.19	0.2087
-108.64567310549718	26.63518421951388	3.0	0.37	7.98	15.6	0.1	0.34	1.36	0.1791
-107.83968279773826	26.666728346846345	3.2	0.32	6.29	12.27	0.09	0.18	0.74	0.2462
-107.03332326024896	26.694200094352194	2.7	0.75	4.24	7.73	0.15	0.42	1.68	0.2575
-106.2266452510375	26.717597220381858	3.5	0.62	4.27	7.92	0.11	0.46	1.84	0.1809
-108.60851704692128	25.91075774960941	2.6	0.35	7.09	13.82	0.09	0.25	0.99	0.193
-107.80702247631879	25.942147867638965	3.0	0.31	8.28	16.25	0.1	0.2	0.8	0.2053
-107.00516482966988	25.969485605820473	2.5	1.08	4.4	7.72	0.11	0.49	1.96	0.1972
-106.20299402201394	25.992768684944128	2.7	1.41	4.46	7.52	0.11	0.35	1.4	0.2003
-105.40056008575073	26.01199516601304	2.1	1.83	5.2	8.56	0.15	0.13	0.55	0.3004
-107.77472525359832	25.217103138878407	3.3	0.34	4.12	7.9	0.11	0.42	1.67	0.2107
-106.97731957966099	25.244303906325207	3.0	0.36	8.56	16.75	0.13	0.36	1.45	0.1956
-106.17960593805302	25.267470414315834	3.5	0.53	3.46	6.4	0.11	0.54	2.17	0.1619
-105.3816335335191	25.286600692983065	3.5	0.45	3.77	7.08	0.09	0.5	2.01	0.1449
-104.58345166680759	25.301693117121292	2.2	0.31	9.66	19.01	0.16	0.57	2.29	0.3575
-106.94978231634853	24.518773648190102	3.5	0.37	5.2	10.03	0.14	0.28	1.12	0.1469
-106.15647663302109	24.54182111171085	3.5	0.5	6.49	12.48	0.12	0.73	2.93	0.2189
-105.3629164564306	24.560853144131773	3.2	0.46	3.63	6.79	0.11	0.2	0.8	0.1142
-104.56915027518275	24.575868095696407	2.9	0.37	4.63	8.9	0.11	0.18	0.74	0.1289
-106.13360183681783	23.81593915495998	3.4	0.35	5.12	9.9	0.11	0.38	1.54	0.1502
-105.34440539661034	23.83487094066738	3.0	0.7	3.6	6.51	0.1	0.81	3.25	0.2289
-104.55500633360033	23.849806840509572	3.1	0.43	7.7	14.97	0.09	0.68	2.73	0.214
-103.7654524155754	23.860745535231324	3.5	0.31	4.84	9.38	0.1	0.41	1.65	0.1532
-105.32609697186045	23.108772091963708	2.8	0.34	7.44	14.53	0.13	0.46	1.85	0.1798
-104.54101725641499	23.123627396186798	3.1	0.3	7.58	14.83	0.1	0.32	1.28	0.18
-103.75578521504477	23.134507084332768	2.5	1.2	4.17	7.14	0.09	0.66	2.66	0.19
-105.30798787360135	22.382674108430603	2.5	0.7	4.19	7.7	0.09	0.26	1.06	0.19
-104.52718051428258	22.397447309387157	3.4	0.4	4.13	7.88	0.07	0.3	1.2	0.1
-103.74622330336014	22.408266886270003	3.3	0.7	7.68	14.66	0.14	0.52	2.1	0.2
-104.51349363263628	21.6713835424875	3.2	0.4	4.6	8.84	0.1	0.21	0.83	0.17
-103.73676496981534	21.682141930660162	1.7	0.3	7.35	14.37	0.09	0.65	2.59	0.29
-96.23924227347803	17.662862018978174	3.3	0.4	14.42	28.45	0.18	0.81	3.24	0.2355
-96.26562091200249	17.031055342166376	2.7	0.42	13.56	26.69	0.15	1.12	4.47	0.2738
-95.60937273606835	17.004350219849584	3.5	0.99	17.11	33.22	0.12	0.52	2.08	0.2593
-96.29175920191297	16.39997600290149	2.7	0.41	15.79	31.16	0.25	0.47	1.89	0.3307
-95.63849485474734	16.373424934109977	3.5	0.93	13.22	25.51	0.2	0.24	0.97	0.2753
-94.98549454015502	16.344003994023243	3.5	1.28	13.29	25.31	0.27	0.54	2.16	0.3164
-94.33278515463537	16.31171553549048	3.5	2.17	18.46	34.75	0.26	0.61	2.47	0.335
-114.35423545627964	32.74022751105019	3.5	1.2	6.51	11.82	0.11	0.37	1.49	0.1567
-113.29877572523934	32.81392045150882	3.5	0.91	10.0	19.08	0.16	0.25	1.03	0.1959
-112.24208820190134	32.88103114378142	2.6	1.37	6.7	12.02	0.16	0.33	1.31	0.1776
-111.18428565427007	32.9415526824589	3.5	1.16	7.7	14.25	0.13	0.17	0.71	0.143
-110.1254815736101	32.995478866613325	3.1	0.41	9.55	18.7	0.11	0.65	2.6	0.1976
-109.06579010278828	33.042804192274055	2.0	1.91	8.07	14.23	0.18	0.4	1.59	0.1432
-108.0053259635625	33.08352384568684	1.8	1.85	8.31	14.77	0.3	0.27	1.13	0.146
-106.94420438293038	33.11763369736913	2.8	2.33	10.97	19.61	0.12	0.25	1.02	0.1301
-105.88254101865512	33.14513029697329	3.5	0.53	8.03	15.52	0.2	0.37	1.48	0.1634
-104.82045188408746	33.16601086896854	3.5	0.55	5.56	10.58	0.19	0.34	1.38	0.1678
-103.75805327240546	33.180273309149705	3.5	3.62	13.27	22.92	0.2	0.16	0.66	0.2229
-97.38369099661823	33.126833440636	3.5	0.72	11.91	23.1	0.66	0.51	2.15	0.2225
-96.32238969561743	33.09476608573351	3.5	3.42	15.47	27.51	0.16	0.29	1.16	0.2214
-95.26171015183168	33.0560877910143	3.5	4.88	17.91	30.95	0.32	0.6	2.44	0.3661
-94.20176773330661	33.010802475665784	3.5	6.03	14.88	23.74	0.25	0.6	2.4	0.2773
-93.14267732577088	32.958914741473556	3.5	5.39	15.91	26.43	0.19	0.54	2.16	0.2255
-89.97165824579524	32.76369340787315	3.5	2.43	14.48	26.52	0.32	0.71	2.85	0.247
-88.91711252581707	32.685455884205254	3.5	7.45	12.92	18.4	0.35	0.29	1.2	0.3174
-87.86398345761542	32.600649416682685	3.5	5.28	17.34	29.41	0.23	0.69	2.77	0.3141
-86.81238151633117	32.50928284981441	3.5	0.71	17.76	34.82	0.19	0.61	2.44	0.3865
-85.76241620025166	32.411365766868904	3.5	0.95	11.53	22.12	0.2	0.6	2.4	0.24
-104.7997126033106	32.27135319460628	3.5	1.67	13.0	24.34	0.15	0.66	2.64	0.2332
-103.74512398032664	32.285549749455946	3.5	4.56	20.09	35.62	0.2	0.5	2.02	0.3354
-97.41762100064538	32.23235694959282	3.5	2.74	14.21	25.68	0.25	0.22	0.91	0.2131
-96.36410567834625	32.20043811779157	2.7	7.12	14.26	21.4	0.2	0.26	1.05	0.2099
-95.31119852315723	32.16193923067397	3.5	5.52	19.12	32.71	0.23	0.41	1.64	0.2942
-94.25901239497074	32.116864337676944	3.2	6.98	11.84	16.71	0.51	0.33	1.41	0.4383
-93.20765968876337	32.065218192651	2.2	8.32	13.69	19.06	0.18	0.25	1.03	0.1813
-92.1572522633155	32.00700625933631	3.5	6.89	12.07	17.25	0.35	0.51	2.08	0.3053
-91.10790137078934	31.94223471760671	3.5	5.06	18.69	32.31	0.32	0.5	2.03	0.3707
-90.05971758727532	31.870910470468992	3.2	4.01	12.57	21.13	0.32	0.36	1.46	0.2101
-89.01281074441269	31.79304115180238	3.5	7.25	19.7	32.15	0.45	0.6	2.42	0.3692
-87.96728986218784	31.708635134822515	3.3	7.01	12.0	16.99	0.47	0.31	1.32	0.3798
-86.92326308300967	31.61770154125135	3.5	3.45	10.31	17.18	0.23	0.41	1.65	0.2051
-85.88083760715851	31.520250251174023	3.5	3.47	11.79	20.1	0.18	0.21	0.87	0.1637
-103.73238346307461	31.388477465162065	3.5	4.8	10.6	16.41	0.4	0.74	2.99	0.354
-97.45105603695731	31.335541665422145	3.5	3.28	12.85	22.42	0.19	0.69	2.79	0.2537
-96.405213428466	31.303777310073876	3.5	5.3	11.52	17.73	0.28	0.85	3.41	0.2966
-95.35996578997357	31.2654650050803	3.5	7.43	17.33	27.24	0.26	0.66	2.64	0.2951
-94.31542354526577	31.220608925944493	3.5	5.59	19.75	33.92	0.39	0.48	1.96	0.4106
-93.27169666986649	31.16921397368197	3.0	7.56	12.73	17.89	0.34	0.41	1.66	0.2772
-92.22889462228272	31.111285780075892	3.5	5.34	19.0	32.65	0.38	0.47	1.91	0.4306
-91.18712627606587	31.046830713668303	3.5	5.77	17.26	28.76	0.35	0.36	1.5	0.3057
-90.14649985279299	30.975855886474747	3.5	5.9	16.2	26.51	0.23	0.3	1.24	0.2067
-89.10712285606948	30.89836916140701	3.5	5.98	15.8	25.62	0.18	0.18	0.75	0.2005
-88.0691020066514	30.81437916038866	3.5	6.17	12.07	17.98	0.36	0.39	1.59	0.3284
-87.03254317878222	30.72389527314486	3.2	6.28	11.34	16.39	0.46	0.65	2.64	0.377
-85.99755133783574	30.626927666647756	3.5	3.33	10.55	17.77	0.25	0.42	1.7	0.2006
-97.48400685438438	30.436617802854038	3.5	3.97	11.74	19.51	0.22	0.44	1.79	0.217
-96.44572614543736	30.40501378803604	3.5	5.31	16.97	28.62	0.31	0.49	1.97	0.3629
-95.40802758827525	30.36689513183985	3.5	3.43	19.78	36.13	0.31	0.81	3.26	0.4648
-93.33480872563588	30.27113183040159	3.5	5.26	18.89	32.52	0.53	0.22	1.03	0.4919
-92.29950317119227	30.21349802243997	3.5	5.46	16.58	27.71	0.42	0.43	1.76	0.3935
-91.26520913870537	30.14937125843358	3.5	4.61	21.98	39.36	0.18	0.41	1.64	0.3721
-90.2320325612526	30.078758852216268	3.5	5.16	20.04	34.92	0.34	0.44	1.8	0.3251
-89.20007867929911	30.00166888781077	3.5	4.71	16.94	29.17	0.25	0.21	0.89	0.3138
-88.1694519780491	29.918110227195708	3.5	5.21	19.49	33.77	0.39	0.58	2.34	0.4654
-87.14025612595219	29.828092518715245	3.5	5.32	17.32	29.32	0.3	0.31	1.28	0.3481
-86.11259391445289	29.731626206112956	3.5	4.54	19.17	33.8	0.46	0.46	1.91	0.3985
-99.57942274904845	29.57923809763717	3.3	2.94	10.64	18.35	0.19	0.16	0.67	0.1783
-98.54777472501893	29.56077069462073	3.5	2.18	10.55	18.92	0.33	0.64	2.58	0.2015
-97.51648389286252	29.535816592331997	3.5	4.46	15.02	25.58	0.26	0.54	2.17	0.3044
-96.48565664972332	29.504378686214295	3.5	6.63	13.93	21.23	0.53	0.16	0.83	0.4367
-95.45539910555809	29.466460629648097	3.5	4.79	19.29	33.8	0.46	0.38	1.58	0.5038
-94.42581701793307	29.42206683738901	3.5	2.15	16.15	30.15	0.25	0.32	1.31	0.2878
-93.39701572736467	29.371202489698053	3.5	3.57	16.36	29.16	0.2	0.15	0.64	0.2955
-92.36910009330171	29.313873537155363	3.5	3.74	17.48	31.23	0.15	0.72	2.88	0.3418
-90.31634244830396	29.179849505002327	3.5	2.32	14.8	27.28	0.13	0.23	0.94	0.2612
-89.291707185665	29.103170230798224	3.5	2.44	17.09	31.75	0.23	0.29	1.19	0.3351
-88.26837095408924	29.0200579767631	3.5	6.82	17.35	27.88	0.59	0.31	1.36	0.4797
-87.24643527649725	28.930522640314425	3.5	8.85	15.63	22.42	0.72	0.35	1.56	0.5213
-86.22600082934183	28.834574931679718	3.5	8.25	19.69	31.14	0.6	0.35	1.53	0.5294
-99.59671415894783	28.67655457115248	3.5	4.76	16.9	29.03	0.26	0.48	1.94	0.334
-98.5724309285854	28.658187900661158	3.5	5.78	22.36	38.94	0.4	0.6	2.42	0.5012
-96.52501739628848	28.602103882832484	3.5	4.97	20.51	36.06	0.37	0.52	2.1	0.4607
-95.50209509677453	28.564393253059333	3.5	2.46	17.65	32.84	0.22	0.59	2.38	0.3571
-94.47983391855095	28.520242652957684	3.5	1.43	9.39	17.34	0.14	0.23	0.95	0.1315
-93.45833698184039	28.469657394694064	3.5	1.79	11.68	21.56	0.2	0.59	2.39	0.2003
-92.43770694264596	28.412643579403355	3.5	3.47	8.67	13.87	0.29	0.58	2.34	0.2855
-91.41804593165764	28.349208102421507	3.5	4.17	13.69	23.2	0.38	0.38	1.57	0.3422
-90.39945549395043	28.2793586591461	3.5	4.24	18.52	32.8	0.31	0.3	1.23	0.3729
-89.38203652956163	28.2031037515099	3.5	7.03	15.01	22.98	0.53	0.94	3.79	0.4556
-88.36588923503245	28.12045269505194	3.5	7.02	17.27	27.52	0.59	0.75	3.07	0.4767
-86.33780658089252	27.936003512327588	3.5	8.43	17.85	27.27	0.56	0.37	1.58	0.4485
-98.59673750029458	27.75418778761657	3.5	5.29	16.96	28.62	0.36	0.34	1.4	0.3766
-97.58005691385596	27.729510532015095	3.0	4.73	10.73	16.72	0.2	0.41	1.64	0.1513
-96.56382048752558	27.698421731841297	3.5	1.04	18.89	36.75	0.14	0.64	2.55	0.4313
-95.54812989961302	27.66092522471346	3.5	2.44	13.32	24.2	0.17	0.28	1.12	0.1971
-94.5330865002664	27.617025646975137	3.5	1.5	13.53	25.55	0.21	0.17	0.72	0.2023
-93.51879125122575	27.566728437448972	2.9	1.84	6.98	12.12	0.16	0.86	3.45	0.2359
-92.50534466615713	27.510039841809732	3.3	0.44	9.53	18.61	0.22	0.77	3.1	0.2156
-91.49284675165534	27.446966917565522	3.5	1.93	12.11	22.28	0.19	0.17	0.69	0.2281
-90.4813969490001	27.377517539634564	3.5	3.01	13.7	24.39	0.28	0.24	1.01	0.2724
-89.47109407674931	27.301700406503894	3.5	6.88	15.16	23.44	0.44	1.04	4.19	0.401
-88.46203627425035	27.219525046954193	3.2	8.28	12.79	17.29	0.6	0.69	2.84	0.4806
-87.45432094614782	27.13100182733341	2.8	9.87	14.72	19.57	0.81	0.33	1.55	0.6001
-86.44804470796372	27.03614195936115	3.5	9.06	15.29	21.51	0.63	0.35	1.53	0.4818
-97.61117232857548	26.82447081977279	3.5	3.96	15.78	27.6	0.41	0.38	1.59	0.4236
-96.6020776856376	26.793564793177012	3.5	1.81	14.78	27.74	0.3	0.63	2.52	0.2318
-95.5935174491347	26.756288965807624	3.2	0.42	12.19	23.97	0.17	0.53	2.14	0.2396
-94.58559085697837	26.712648078017512	2.4	0.36	10.62	20.87	0.17	0.35	1.41	0.2174
-93.57839677210625	26.662647689967198	2.0	0.4	17.98	35.55	0.57	0.85	3.43	0.4331
-92.57203362485905	26.60629418577848	3.5	2.62	10.61	18.61	0.15	0.73	2.91	0.2274
-91.56659935599399	26.543594778265078	3.5	2.84	17.56	32.28	0.31	0.36	1.48	0.3211
-90.56219136041582	26.474557514227005	3.5	8.0	16.52	25.04	0.45	0.21	0.97	0.3735
-89.55890643170491	26.39919128029572	3.5	8.21	17.91	27.61	0.51	0.21	0.97	0.4083
-88.55684070751954	26.31750580931399	3.5	8.82	16.98	25.15	0.66	0.4	1.73	0.4922
-87.55608961594764	26.229511687233924	3.5	9.04	18.25	27.46	0.72	0.59	2.48	0.5299
-86.55674782287997	26.135220360514857	3.5	9.25	19.73	30.21	0.59	0.85	3.44	0.4873
-111.89784901413752	32.244440171439585	2.8	1.48	6.98	12.47	0.11	0.26	1.05	0.145
-110.44230426546615	32.370540343686464	2.9	1.8	11.72	21.64	0.19	0.18	0.76	0.1857
-109.17287784980682	32.405776633935275	3.0	0.39	7.27	14.16	0.18	0.59	2.36	0.176
-107.93727499133928	32.57087106648933	2.8	0.4	6.32	12.23	0.22	0.78	3.11	0.2171
-106.77494299801275	32.560791757033364	1.0	6.11	10.16	14.21	0.23	0.24	1.0	0.2341
-105.72483145813378	32.587147704742996	3.2	2.31	7.87	13.43	0.14	0.33	1.32	0.1644
-102.87859793501586	32.92595097057279	3.5	2.18	11.18	20.18	0.12	0.68	2.73	0.1662
-101.72239154504886	32.947148467581464	3.5	2.54	11.98	21.41	0.09	0.65	2.6	0.1799
-100.56528349510427	32.957688700862555	3.5	2.15	10.82	19.49	0.17	0.71	2.83	0.1901
-99.40787553317249	32.95756439770504	3.0	2.66	13.2	23.74	0.17	1.47	5.9	0.1516
-98.25078051988298	32.94677123194371	3.0	1.94	11.69	21.43	0.11	0.72	2.88	0.0977
-102.84776012675273	31.955999056868805	3.5	1.52	11.78	22.04	0.11	1.25	4.98	0.1977
-101.7039250406466	31.976420999870474	3.5	1.89	12.1	22.3	0.06	0.83	3.31	0.1304
-100.55922060810866	31.98657493211729	3.0	2.28	13.3	24.32	0.09	1.25	5.01	0.1413
-99.41423035248208	31.986462757246866	3.0	2.13	11.23	20.33	0.1	0.71	2.86	0.1179
-98.26953876281054	31.976062078186963	3.0	2.19	12.51	22.84	0.11	1.65	6.6	0.1008
-102.81837566557223	30.986034321828665	3.0	1.95	13.01	24.06	0.16	0.9	3.62	0.1279
-101.6863276845184	31.00568821794925	3.5	2.07	10.55	19.02	0.11	0.36	1.45	0.1081
-100.55344136873252	31.015461879876174	3.5	1.6	11.71	21.82	0.15	1.26	5.05	0.155
-99.42028315567728	31.015348461227298	3.5	1.63	11.1	20.57	0.11	1.05	4.2	0.1014
-98.28740950052382	31.00534336184986	3.5	1.62	10.87	20.11	0.1	1.33	5.33	0.1003
-96.79984351209173	25.88564775575648	4.0	2.54	13.64	24.74	0.14	0.35	1.41	0.1826
-95.79828175522351	25.84961000213366	3.8	0.35	6.03	11.71	0.13	0.18	0.72	0.1257
-94.79732489643928	25.80724578126224	3.5	0.39	10.63	20.86	0.2	0.12	0.51	0.1512
-93.79706980244903	25.758560636564244	2.7	0.41	11.34	22.28	0.2	0.72	2.89	0.2507
-92.79761293116002	25.703560951216378	4.0	0.69	10.42	20.14	0.23	0.38	1.52	0.1831
-91.7990502765333	25.64225395254271	4.0	0.66	9.76	18.86	0.12	0.62	2.5	0.1744
-90.80147731411117	25.574647716942362	3.0	5.71	10.75	15.79	0.32	0.23	0.96	0.3041
-89.80498894729173	25.500751175338035	4.0	2.99	12.62	22.24	0.18	0.43	1.71	0.2251
-88.80967945442441	25.42057411913127	4.0	3.84	11.09	18.35	0.22	0.52	2.09	0.2268
-87.81564243679846	25.334127206647274	4.0	1.99	19.14	36.29	0.19	0.6	2.41	0.4005
-86.8229707675937	25.24142197005203	4.0	1.89	18.71	35.53	0.1	0.48	1.91	0.3545
-96.83593212018509	24.979100011289063	4.0	1.69	11.04	20.38	0.11	0.81	3.23	0.2153
-95.84130534153924	24.943289262791282	4.0	2.61	9.06	15.51	0.29	0.37	1.52	0.2819
-94.84727097463221	24.90119219414217	4.0	1.31	9.67	18.02	0.29	0.35	1.43	0.3116
-93.85392389903818	24.852814456749073	4.0	0.51	12.77	25.03	0.19	0.57	2.3	0.2706
-92.86135859945996	24.798162557341254	3.9	0.39	12.52	24.65	0.2	0.55	2.19	0.276
-91.86966911244171	24.737243862119527	4.0	1.82	8.86	15.89	0.17	0.38	1.53	0.1492
-90.87894897372053	24.670066601410056	4.0	1.94	14.11	26.29	0.21	0.43	1.75	0.2579
-89.88929116629012	24.596639874808016	4.0	2.71	15.15	27.59	0.11	0.32	1.27	0.2474
-88.900788069247	24.516973656797184	4.0	3.36	12.28	21.19	0.26	0.31	1.26	0.3015
-87.91353140748755	24.431078802829127	4.0	2.17	9.72	17.26	0.31	0.25	1.05	0.2984
-86.92761220232268	24.33896705584402	4.0	2.81	11.01	19.21	0.24	0.28	1.14	0.2119
-96.87152348934144	24.0720747088234	4.0	3.15	17.64	32.13	0.2	0.88	3.52	0.357
-95.88373645926609	24.0364968979946	4.0	2.84	11.95	21.05	0.25	0.59	2.36	0.2526
-94.89652969568459	23.99467394641213	4.0	0.88	11.54	22.2	0.23	0.72	2.89	0.2913
-93.90999614490056	23.946611608120286	4.0	1.39	18.04	34.68	0.15	0.51	2.03	0.3173
-92.92422837171235	23.892316507256584	4.0	0.44	9.57	18.7	0.25	0.44	1.77	0.2358
-91.93931850790746	23.831796141960748	4.0	0.71	9.19	17.66	0.16	0.69	2.78	0.2107
-90.95535820136588	23.76505888875647	4.0	1.91	11.03	20.14	0.14	0.13	0.55	0.1716
-89.97243856584238	23.69211400739296	4.0	2.01	16.19	30.37	0.38	0.44	1.79	0.4532
-88.99065013149438	23.612971646131626	4.0	3.67	15.05	26.43	0.13	0.36	1.43	0.2159
-88.01008279622155	23.527642847462495	4.0	1.34	12.62	23.9	0.29	0.83	3.31	0.2663
-87.03082577788008	23.436139554232252	4.0	2.15	9.43	16.71	0.23	0.35	1.4	0.1935
-96.90662782159905	23.164802542879485	4.0	1.95	11.48	21.01	0.13	0.85	3.41	0.2459
-95.925587255576	23.129463440886436	4.0	2.66	15.69	28.72	0.23	0.83	3.32	0.3617
-94.94511514034039	23.087921381384337	4.0	3.06	15.69	28.31	0.22	0.32	1.3	0.3316
-93.96530254098165	23.040182215671294	4.0	2.75	16.09	29.42	0.23	0.62	2.5	0.3191
-92.98624015391135	22.986252679110244	3.5	0.31	11.91	23.52	0.1	0.83	3.31	0.2418
-92.00801825706824	22.926140394799102	2.9	0.33	17.63	34.94	0.15	1.03	4.11	0.404
-91.03072666070443	22.859853877683214	3.8	2.28	6.72	11.16	0.23	0.11	0.51	0.218
-90.0544546588185	22.787402539097243	4.0	0.65	9.81	18.97	0.15	0.25	1.0	0.1616
-89.07929098129996	22.7087966917227	4.0	0.47	15.66	30.85	0.41	0.21	0.92	0.3142
-88.10532374684767	22.624047554944543	4.0	1.25	15.0	28.75	0.25	0.25	1.03	0.3236
-87.1326404167226	22.53316726059101	2.9	4.16	9.35	14.54	0.24	0.38	1.54	0.2386
-96.94125504191511	22.25751306542131	4.0	2.06	17.99	33.92	0.18	0.29	1.16	0.3426
-95.96686954802453	22.222418276192656	4.0	0.52	10.65	20.78	0.18	0.66	2.64	0.2346
-94.99304100765869	22.18116368707978	4.0	1.0	9.48	17.96	0.32	0.11	0.55	0.3048
-94.01985865501273	22.133755241226147	4.0	3.42	10.45	17.48	0.28	0.76	3.07	0.2736
-93.04741136791739	22.080199779008456	4.0	0.85	13.76	26.67	0.17	0.3	1.23	0.2312
-92.0757876196877	22.020505041470614	4.0	2.5	12.74	22.97	0.13	0.32	1.28	0.1456
-91.10507543152542	21.95467967416948	3.9	2.12	7.55	12.98	0.14	0.16	0.67	0.1316
-90.13536232553894	21.882733231420797	2.9	1.48	15.16	28.84	0.16	0.3	1.2	0.2398
-96.97541480750517	21.35043442233747	4.0	1.37	11.07	20.77	0.13	0.52	2.08	0.1813
-96.0075948356493	21.315589377033373	3.6	1.22	7.11	13.0	0.33	0.6	2.4	0.2295
-95.04032062784945	21.274628633429177	4.0	3.19	17.1	31.01	0.23	0.3	1.23	0.3356
-94.07367963605844	21.227558221088284	3.8	0.32	15.68	31.03	0.18	1.1	4.39	0.3772
-93.1077589676885	21.17438507917105	4.0	1.59	13.76	25.93	0.14	0.69	2.75	0.2845
-92.14264533903864	21.115117059634787	4.0	1.27	10.79	20.31	0.21	0.27	1.12	0.1706
-91.17842502925089	21.04976293081665	4.0	3.95	14.27	24.58	0.15	0.9	3.61	0.261
-96.04777430962332	20.409203045587446	4.0	1.24	15.9	30.57	0.18	0.43	1.72	0.2979
-95.08696697459497	20.368542313345422	4.0	1.28	13.29	25.31	0.21	0.91	3.66	0.3245
-94.12678022848293	20.321817007582602	4.0	0.51	7.72	14.92	0.17	0.42	1.68	0.1589
-93.16729945486361	20.269034160004033	4.0	2.06	16.16	30.26	0.21	0.7	2.8	0.3544
-92.20860965907411	20.210201726439536	4.0	3.06	17.15	31.24	0.37	0.72	2.92	0.4331
-91.25079542366154	20.145328590166546	4.0	3.46	18.76	34.07	0.23	0.62	2.5	0.3783
-95.1329926768811	19.463128888426	4.0	1.02	9.12	17.21	0.14	0.37	1.48	0.1825
-94.17917478536077	19.416755515246393	4.0	1.75	10.69	19.63	0.16	0.35	1.42	0.181
-93.22604889372828	19.36437065684349	4.0	2.04	8.71	15.38	0.16	0.16	0.66	0.1905
-92.27369834091901	19.30598236588117	4.0	4.25	19.47	34.7	0.19	0.52	2.09	0.349
