Zb
3
Long
Lat
Zb
-100.9322	21.6128	4.59
-100.6190	21.6916	5.42
-100.3294	20.0364	5.21
-103.4078	20.6707	5.05
-101.2510	19.7990	4.29
-99.5557	20.3412	5.22
-101.5590	19.7180	5.37
-99.8591	19.7617	5.74
-100.6220	21.4023	6.14
-102.8227	28.6128	6.58
-102.1730	20.1340	6.07
-99.8622	20.3399	6.42
-99.8607	20.0508	6.50
-101.3069	22.2474	7.36
-103.5393	20.6403	6.41
-104.5777	20.9646	7.09
-115.5270	31.5636	7.38
-113.7575	31.8551	7.28
-99.5547	20.0520	6.64
-100.6248	19.1893	5.40
-99.4749	17.4645	5.42
-107.1830	26.9250	7.14
-98.9427	20.0529	7.64
-102.9245	17.4645	2.66
-102.6749	23.4028	7.36
-101.1997	19.7642	7.46
-115.2762	30.5017	7.14
-102.7934	21.1273	7.55
-113.3814	28.2007	7.56
-109.5560	29.3958	7.56
-112.4586	27.5436	7.64
-112.7152	27.7663	7.88
-107.1890	27.2140	7.09
-99.2487	20.0527	7.44
-99.8696	18.7313	7.72
-112.2249	31.0901	7.94
-112.2063	30.8659	7.66
-100.1624	19.4708	7.86
-103.0974	20.4650	7.75
-103.4105	20.9579	7.49
-99.2491	20.3419	7.60
-113.6357	28.1825	7.96
-105.1941	21.5433	7.76
-100.1709	19.1816	6.88
-107.5250	27.7850	7.44
-101.6226	22.5315	8.60
-99.1956	20.9203	7.52
-100.9442	19.8779	7.72
-100.9402	20.4558	8.20
-104.3138	19.5475	8.24
-102.7860	19.9710	7.78
-109.5600	29.1070	7.10
-104.8841	22.6997	7.83
-98.8881	20.6312	8.14
-113.4016	28.4260	8.42
-104.6292	20.0400	8.13
-112.3868	30.9534	8.42
-111.9463	30.8817	8.24
-105.0591	23.4804	7.36
-100.6377	19.9563	8.26
-113.0733	28.1156	8.68
-102.0621	19.1893	8.70
-111.9644	31.1059	8.84
-105.3766	24.9251	8.02
-111.1187	28.2377	8.80
-105.0596	24.6366	9.24
-101.2416	21.5319	8.00
-112.9688	27.7629	8.80
-102.3384	24.5527	7.78
-103.3434	21.2461	8.27
-104.5726	22.6992	8.37
-103.3402	21.5351	8.54
-100.3701	21.6799	8.74
-98.6360	20.3417	8.82
-111.0209	24.1909	9.12
-104.8855	20.9651	9.02
-112.9916	31.5275	8.76
-112.5045	31.2980	8.92
-98.8879	20.9203	8.62
-113.3112	31.6431	9.22
-111.6862	30.8971	9.10
-101.9031	24.6908	8.38
-102.9103	20.3267	8.52
-102.1865	29.2284	8.74
-112.7478	28.1376	9.64
-114.9852	31.9993	9.18
-94.3195	18.0946	9.50
-115.0922	29.8846	9.46
-112.5236	31.5219	8.98
-107.2240	28.9460	8.81
-103.6380	22.6940	8.41
-100.3080	21.7692	8.78
-98.3109	18.8821	8.74
-114.5094	29.2509	8.78
-112.7262	30.8331	8.78
-98.6127	18.9566	8.16
-112.1694	30.4171	8.90
-115.2522	30.2776	9.14
-100.9885	21.6736	8.95
-106.0104	24.9222	8.35
-110.0533	23.7644	8.58
-104.7451	23.7693	9.30
-102.5346	28.5322	8.90
-112.1510	30.1925	8.72
-103.6351	22.9830	8.78
-115.8331	32.0518	9.69
-106.8960	28.9510	8.78
-104.9340	19.9536	9.07
-100.9925	21.9626	8.13
-112.6687	31.4288	8.50
-102.4790	20.0530	8.18
-104.5769	21.2537	8.83
-107.5890	30.3820	9.65
-99.2379	17.6635	9.38
-95.3564	18.1693	9.30
-111.6686	30.6727	9.32
-100.3729	21.9689	9.01
-107.2430	29.8110	9.27
-101.8516	29.2522	9.24
-113.0986	28.4040	8.08
-112.9729	27.9948	9.63
-105.0586	22.3242	8.44
-110.8748	29.6923	9.34
-112.7235	27.8489	9.46
-115.0173	30.5223	9.86
-115.2659	31.5846	9.78
-107.5520	28.9400	8.04
-107.2500	30.1000	9.27
-111.0678	24.8702	8.04
-103.2900	26.3500	8.93
-103.2900	26.6430	9.61
-109.6103	30.8422	9.70
-109.8080	23.7627	9.86
-100.0499	16.8896	8.40
-106.2360	28.6700	9.44
-111.1112	27.6656	7.58
-108.2299	29.6634	8.86
-116.8500	32.0570	8.86
-114.4610	32.0390	8.88
-108.5603	29.6699	8.70
-107.5050	26.9200	9.76
-103.1016	21.0428	9.74
-115.0048	31.6051	10.20
-105.9090	28.6720	9.40
-104.9260	28.6750	9.64
-113.3365	31.3766	9.48
-94.7627	16.3935	10.02
-109.1835	26.4984	10.01
-115.5023	31.3401	9.98
-113.5843	27.9346	9.72
-112.1327	29.9678	9.84
-116.8733	32.2308	9.75
-101.3165	22.8251	10.48
-100.4672	19.4686	10.06
-106.9120	29.8170	9.99
-108.8572	26.7827	10.12
-102.6541	24.5579	9.94
-99.1952	20.6311	8.72
-98.5832	19.7632	10.18
-102.6370	17.7520	8.68
-116.8505	31.7683	8.38
-102.4812	20.6309	10.36
-95.6607	16.4243	10.30
-110.2987	23.7657	9.66
-112.9700	31.3352	10.06
-112.6745	26.8577	9.98
-107.5970	30.6710	10.30
-104.9206	19.3753	10.04
-109.5840	30.2634	10.28
-100.6314	20.5353	10.43
-102.0389	23.3777	9.36
-101.4872	19.4768	9.40
-112.9648	27.5373	10.50
-98.6366	20.0525	10.34
-95.7015	17.6867	10.12
-114.4839	32.2623	10.38
-106.5680	28.9550	9.95
-115.0834	31.8728	10.05
-105.1957	22.6997	9.82
-111.4233	27.9302	10.62
-107.4690	26.6320	9.38
-103.0313	21.5317	9.50
-107.2370	29.5230	10.36
-101.8650	19.6370	9.98
-102.7180	21.8167	8.92
-104.6171	19.4616	10.29
-103.0274	21.8207	9.25
-116.1772	31.4771	10.13
-103.0696	26.2562	10.26
-108.9370	31.0310	10.04
-106.5590	28.3770	10.20
-105.3732	23.7691	9.99
-109.2150	28.8100	11.17
-107.5120	27.2080	10.30
-114.5318	29.4757	10.60
-105.2570	30.1190	10.40
-99.3167	24.7113	10.61
-106.2470	29.5360	10.66
-102.3322	24.8414	10.52
-97.6670	19.7588	10.64
-107.3325	23.7626	8.50
-115.2715	32.2020	10.24
-99.3160	24.4223	10.58
-109.9134	30.5553	10.37
-111.6547	26.6640	10.40
-105.5810	28.6740	10.28
-102.0328	28.9648	9.84
-97.4504	16.7629	10.80
-107.5180	27.4970	10.32
-105.7260	23.7283	11.05
-113.7068	28.2414	10.81
-103.3984	19.8025	10.52
-98.9425	20.3421	11.08
-111.3596	27.0630	9.48
-93.3465	16.7004	10.20
-107.5740	29.8050	10.37
-116.5125	31.7675	9.24
-116.1746	31.7658	9.59
-111.6826	27.0438	10.70
-111.6391	26.4653	10.72
-105.1945	21.8324	10.24
-104.2810	27.2290	10.65
-110.9486	31.0475	9.83
-109.5519	29.6845	10.31
-99.8111	20.9184	11.22
-109.5628	23.7606	9.48
-113.3304	27.9526	10.42
-103.3637	20.9097	10.75
-107.2630	30.6770	11.04
-96.0155	17.4102	10.46
-115.6071	29.8427	10.48
-112.9984	27.0678	10.56
-116.5110	32.0562	9.96
-112.0139	26.6619	10.63
-106.2200	27.2250	10.60
-111.4546	26.5146	10.62
-102.0621	17.7520	10.50
-100.9122	17.1771	10.48
-96.5114	17.7940	10.48
-110.0517	23.9901	10.26
-105.5830	28.9630	10.48
-105.9110	28.9610	10.18
-111.0054	23.9644	10.32
-109.5787	29.9732	11.65
-103.8445	20.8955	10.78
-95.4000	17.6737	10.04
-111.9103	30.4328	10.44
-106.5770	29.5320	10.58
-101.0179	23.6960	11.47
-114.1876	29.4859	9.62
-93.6630	16.4294	11.06
-112.1351	26.4386	10.70
-112.1878	30.6416	10.42
-111.8746	29.9835	11.00
-107.2560	30.3890	11.07
-105.7228	23.1502	11.09
-99.0003	24.4226	10.91
-106.5470	27.5110	10.11
-105.5390	26.3630	11.76
-114.4421	30.4208	11.30
-109.2199	28.5213	10.20
-106.9846	26.3567	10.18
-100.0499	17.4645	10.92
-103.6517	21.2488	10.57
-115.8403	31.4745	10.95
-102.0050	22.4325	10.99
-107.2000	27.7910	10.13
-106.6640	23.4321	10.75
-111.6597	27.0410	10.41
-103.0352	21.2428	9.63
-110.0484	24.4417	9.92
-113.8900	28.1640	11.10
-113.0178	27.2935	10.92
-107.5454	28.6512	10.20
-108.5867	30.2488	11.07
-103.2940	28.3760	10.90
-99.7562	22.5511	11.52
-102.7270	21.2389	8.64
-112.5240	29.3949	10.72
-113.9111	28.3893	11.28
-104.4245	25.2135	10.58
-104.7428	24.9254	10.94
-98.3306	20.0516	11.14
-98.3158	18.5160	11.56
-92.9911	17.5478	11.40
-92.7870	16.0886	11.26
-94.2922	15.8857	11.48
-112.1173	26.2126	10.56
-106.7425	21.8233	11.13
-106.3242	24.6308	11.01
-101.6451	23.6865	10.17
-102.7905	20.5491	11.06
-107.0089	25.4503	11.56
-100.7930	26.4798	10.12
-102.9012	28.3623	9.78
-97.6694	19.4696	11.52
-96.8091	19.4613	10.34
-100.6248	18.0395	9.72
-106.1830	26.6480	10.84
-99.0003	24.7116	11.10
-99.5715	18.7331	10.96
-95.7147	17.3978	10.56
-112.6557	26.6318	11.50
-111.2055	29.6922	10.77
-105.8940	26.9390	11.22
-100.6861	22.2550	11.98
-108.8518	27.0714	11.74
-108.9088	23.7006	9.44
-92.6903	17.5294	11.82
-102.4835	21.2091	10.42
-105.2560	29.5410	10.79
-105.5052	22.1208	10.44
-103.3369	21.8241	11.12
-103.7038	19.7192	11.16
-102.3496	17.7520	11.16
-93.0847	16.1068	11.70
-114.7428	29.0063	10.48
-111.8209	27.0401	10.75
-109.2263	29.3918	11.05
-111.4983	27.0417	10.78
-98.9644	18.7340	11.28
-110.7727	27.9669	11.38
-95.6407	17.0023	11.46
-92.5288	15.4947	11.28
-105.8600	26.3610	11.08
-103.6240	26.8980	10.60
-114.4647	28.8011	11.06
-103.6464	21.8269	11.42
-103.2028	25.9765	11.80
-112.8715	29.5787	9.64
-109.3116	24.2095	10.04
-113.9324	28.6145	11.56
-115.0147	32.2596	9.89
-109.8888	29.1102	10.94
-109.2463	30.5480	11.09
-106.0152	25.5000	10.76
-101.4211	29.1682	12.02
-107.9501	23.4495	9.68
-93.2920	17.5657	11.92
-114.7584	30.5425	11.70
-103.8489	20.3173	11.26
-110.7528	27.6779	11.08
-111.3175	26.4844	11.50
-107.9632	23.7397	8.88
-98.5809	20.6307	11.82
-104.6040	27.2300	11.24
-106.0376	23.4375	11.50
-105.6858	23.4790	11.89
-107.6449	25.4402	10.96
-106.5860	30.1100	11.28
-99.9863	26.2038	11.24
-99.3264	24.8675	11.46
-101.6744	29.0443	11.14
-101.7746	19.1893	9.58
-103.9580	21.5401	9.01
-106.8660	27.2180	11.61
-115.5081	31.1823	11.31
-111.9823	27.0391	11.12
-89.2367	21.4544	7.40
-93.0661	16.3947	11.72
-110.2975	23.9915	11.08
-100.0213	20.1131	11.13
-108.5796	30.5373	11.80
-102.9652	24.8514	12.26
-110.9346	25.1729	10.96
-111.6608	26.7546	11.90
-110.7883	24.4445	10.62
-106.9230	30.3940	11.69
-106.2540	30.1130	11.55
-112.7117	27.5407	11.56
-100.5861	24.6764	11.24
-101.4568	26.2898	11.44
-94.5587	16.4770	11.86
-110.2950	24.4430	10.72
-114.7201	28.7813	10.98
-106.9010	29.2390	9.65
-104.6067	18.8840	11.00
-107.0186	26.0279	11.26
-110.6142	30.8491	11.36
-100.7157	24.5664	11.84
-110.2493	30.2689	10.28
-105.7020	26.3687	12.19
-103.2757	28.0108	11.36
-93.9615	16.4459	11.88
-110.2232	23.3256	11.86
-114.8578	30.1293	11.66
-113.8171	27.6907	10.70
-112.7653	31.2814	11.70
-108.2530	29.9522	11.52
-108.6019	31.0252	11.68
-102.1738	20.7125	11.13
-106.3368	25.7864	10.80
-107.1420	26.3480	10.14
-98.3573	18.7322	11.00
-112.4840	30.6237	10.68
-103.3009	23.4108	11.14
-106.2170	26.9370	11.28
-110.9357	25.6342	10.92
-109.8060	23.9884	11.76
-106.9070	29.5280	11.67
-106.5720	29.2440	11.75
-104.2670	21.5418	11.71
-110.5453	29.4028	12.26
-108.5662	28.5112	11.15
-101.9993	21.9571	12.38
-99.8126	21.2076	11.22
-112.0055	27.0239	11.70
-111.9283	30.6573	11.60
-101.6118	21.9539	11.85
-106.9180	30.1050	11.75
-110.2779	31.0455	11.78
-96.8051	19.7503	12.28
-111.7930	28.4882	11.56
-111.2966	26.1950	11.62
-95.6707	16.1354	12.06
-109.9426	31.0432	11.29
-101.9597	22.8966	12.38
-102.9381	26.5450	11.24
-101.7196	29.4167	11.86
-108.8291	28.2261	11.41
-101.0269	24.2737	11.79
-98.6554	18.7330	11.50
-109.8039	24.2142	11.42
-112.4043	26.6484	11.96
-109.2515	30.2594	11.71
-104.2699	20.9635	11.51
-103.9621	20.9619	11.61
-105.5062	22.4099	12.05
-105.2540	28.6750	11.75
-97.7370	17.3477	12.50
-97.1732	15.8887	12.22
-112.1707	26.8906	11.88
-114.3018	27.4272	12.16
-105.5073	22.6990	11.92
-109.2472	29.9692	12.15
-106.4301	21.5372	12.02
-106.2300	28.0920	12.02
-106.9748	25.7791	12.06
-105.5900	30.1180	11.88
-97.9627	21.2063	12.70
-98.2738	20.6297	12.24
-97.1070	20.0428	12.56
-113.6106	31.7191	11.98
-114.6324	30.6101	12.42
-99.2422	17.3744	12.18
-113.6564	28.4078	12.14
-115.4843	31.7346	12.54
-101.9880	24.4135	10.70
-110.5266	28.8210	11.85
-110.4594	28.2423	12.37
-109.1550	28.2309	12.24
-103.1111	26.7712	11.50
-91.4659	17.7379	13.06
-93.3102	17.2771	12.10
-112.0601	24.8098	11.54
-106.5430	27.2220	11.74
-106.4329	21.8263	11.68
-114.2530	29.2704	11.64
-110.9488	30.8496	10.71
-103.5257	28.3498	12.30
-102.0424	29.4696	11.92
-94.8723	16.2035	12.42
-114.7657	29.2311	11.88
-110.5466	29.1140	10.85
-105.1953	22.4106	10.27
-102.3444	24.2640	10.58
-105.2520	28.0970	11.82
-110.4280	27.6952	12.16
-94.0279	15.2948	12.28
-106.5950	30.6870	10.87
-106.1800	26.3590	11.32
-105.2180	26.3640	12.26
-99.5033	20.9196	12.12
-97.6717	19.1805	12.28
-106.7015	23.7829	11.96
-100.0499	18.3269	11.82
-92.3214	14.9419	12.44
-113.9751	29.0645	12.26
-108.5032	28.2206	12.49
-101.6691	24.8414	11.45
-114.7506	32.2108	11.69
-109.9449	30.8453	9.49
-103.7176	20.8755	11.89
-112.3986	27.8702	11.44
-111.7264	27.6220	10.52
-95.0987	17.6601	12.52
-101.3473	24.5579	12.07
-100.3233	20.6121	12.54
-106.6519	25.4943	11.70
-108.5841	26.2545	12.48
-107.1470	26.6370	11.88
-110.1986	28.8195	12.25
-105.5083	22.9880	12.58
-103.7109	20.2966	10.93
-113.0236	31.3022	12.16
-96.5505	16.7402	12.72
-115.2418	31.3610	12.78
-108.2544	30.2423	12.96
-102.7134	22.1056	11.93
-101.5533	21.4532	11.86
-114.2722	30.3481	11.76
-95.9411	17.0117	12.90
-114.5323	27.1821	12.50
-107.2310	29.2340	11.82
-106.5510	27.8000	11.89
-97.1351	17.3339	12.64
-112.2435	31.3142	12.26
-111.6511	30.4482	12.08
-111.0510	26.0857	11.31
-102.0050	21.5892	12.81
-104.2830	26.9400	12.01
-101.6769	25.8997	11.82
-100.6248	16.6022	7.78
-109.8886	24.2359	11.58
-110.7886	24.2187	11.88
-114.1875	28.5955	12.58
-114.0703	27.6719	11.94
-108.9190	30.2545	13.11
-105.3803	26.0810	11.93
-114.5041	27.2840	12.27
-110.8557	24.5035	11.62
-108.8930	28.5167	10.44
-109.3175	23.7581	10.40
-111.0521	24.6438	11.30
-111.3000	25.3538	11.90
-111.9826	31.3301	12.48
-108.5672	29.3814	11.66
-105.9190	29.8270	12.70
-111.4368	27.9538	11.52
-103.3924	19.2246	12.58
-113.4770	28.9578	13.10
-109.2081	23.3962	11.34
-109.5603	23.9863	11.30
-103.6110	26.6460	12.02
-112.1435	27.0379	12.60
-110.5440	29.6916	10.93
-105.1934	20.9650	11.86
-110.7856	28.2432	12.48
-106.5550	28.0890	11.98
-103.3699	20.3316	12.59
-98.3979	19.1843	10.12
-110.4090	27.4061	12.60
-114.1658	28.3703	12.84
-115.8214	32.3827	12.60
-101.3265	23.4027	13.22
-105.8620	26.6500	12.30
-103.6491	21.5379	12.77
-110.5279	28.5322	12.35
-106.2230	27.5140	12.62
-101.0007	22.5404	13.53
-103.9320	26.6490	12.45
-111.7044	27.3329	10.66
-95.4139	17.3848	11.62
-104.5760	26.6520	12.42
-105.4094	22.8623	12.96
-98.0618	23.2637	11.99
-103.9517	22.4073	11.54
-105.3749	24.3471	12.01
-102.5271	27.7059	12.04
-112.5398	30.3023	11.78
-100.6248	18.3269	12.58
-103.9550	27.5160	12.51
-105.8171	22.4086	11.89
-103.0870	19.3090	12.88
-98.0638	22.9746	11.62
-102.2490	28.6945	12.04
-110.0500	24.2159	12.74
-115.0826	27.5926	12.12
-100.0130	20.6908	12.82
-110.5819	30.2704	12.08
-108.5843	29.9587	13.11
-97.4576	16.4739	13.10
-105.3784	25.5031	11.59
-101.9936	23.9494	13.49
-110.9009	25.5078	11.92
-101.5866	27.0328	12.38
-102.0621	18.3269	12.70
-99.7624	17.1771	11.24
-97.1197	17.9119	13.08
-95.9315	17.3007	13.06
-113.9537	28.8395	12.90
-116.1720	32.0544	11.68
-99.0003	22.3992	12.28
-107.1950	27.5020	9.62
-110.4609	27.9534	13.16
-108.8786	23.1203	10.82
-97.4433	17.0520	13.16
-94.7974	17.6459	12.98
-94.2601	16.4617	13.10
-114.7232	32.0194	11.92
-107.3214	25.1569	13.23
-116.5336	32.2581	12.43
-106.5900	30.3980	13.91
-106.8210	26.3520	11.23
-116.5140	31.4788	12.61
-106.2330	28.3810	12.87
-102.1720	19.5560	11.32
-103.4994	17.7520	6.28
-112.1659	29.0449	13.02
-92.3489	14.7306	12.84
-110.2092	23.0990	12.42
-109.8857	29.3989	12.17
-105.0588	22.9023	12.87
-104.2560	26.3620	12.77
-99.5043	21.2088	12.26
-88.9559	21.1391	8.38
-96.8504	16.7482	13.28
-110.5416	24.4440	12.88
-103.6110	23.7029	12.55
-105.5400	26.6520	12.80
-106.2260	27.8030	12.76
-109.2213	29.6804	13.05
-101.2542	26.4882	12.70
-111.4020	27.6413	11.80
-108.5937	23.7143	10.84
-111.8230	27.3290	11.45
-103.0152	22.6875	12.55
-106.8610	26.9300	13.12
-101.1059	24.9274	13.14
-109.9965	22.8363	12.38
-110.1458	23.8330	12.53
-108.1775	28.2142	12.98
-106.2500	29.8250	12.92
-116.8509	31.4796	11.59
-110.6161	25.6520	11.84
-93.3825	16.1244	13.30
-114.1988	32.0583	12.80
-114.2801	27.2017	13.14
-104.8970	26.3640	12.94
-105.9040	28.0940	12.76
-105.8970	27.2280	12.51
-105.5576	20.3555	13.32
-104.9260	28.9640	11.52
-102.6647	23.9804	12.04
-95.9506	16.7227	13.54
-92.8252	15.5134	13.04
-115.2472	31.9788	12.92
-111.5311	26.3068	11.96
-114.5474	30.4221	13.47
-109.8316	23.8309	12.12
-99.0003	22.9774	13.88
-103.0110	22.9764	12.96
-115.2115	31.8115	13.22
-100.4699	19.7577	13.32
-113.3574	31.2798	12.64
-112.7723	28.4261	12.44
-109.8712	23.9459	13.68
-96.2415	17.0207	13.68
-111.2049	29.4034	12.92
-101.0362	24.8513	13.81
-110.2177	29.1125	12.77
-98.3216	18.2269	13.74
-98.0192	18.2211	13.70
-98.3391	17.3597	13.64
-94.8871	15.9155	12.62
-92.2325	15.4754	13.44
-105.5423	19.7765	12.82
-101.2063	28.9969	12.22
-96.5419	17.0292	13.58
-96.1938	17.5365	13.12
-111.8667	26.2284	12.14
-104.2790	27.5180	13.24
-103.9473	22.9854	12.93
-114.2092	28.8205	13.34
-100.6250	21.1133	13.10
-99.1337	22.5528	12.84
-104.8851	21.5433	12.71
-112.6762	27.0995	13.29
-103.9601	21.2510	13.22
-115.0548	31.4440	13.86
-111.3807	27.3522	11.72
-98.0380	17.3540	13.82
-95.1847	15.9295	12.98
-115.5090	31.9579	13.38
-103.9520	27.8050	12.99
-104.4323	23.4794	12.83
-100.7752	19.7549	13.30
-109.2239	23.6863	12.34
-114.5989	27.8584	12.38
-114.3235	27.6527	13.04
-112.1145	29.7430	13.00
-108.5719	26.8318	13.85
-104.7440	24.3474	13.01
-103.4051	20.3811	13.05
-114.9475	31.8076	13.22
-106.5010	26.3560	12.52
-101.1997	18.9019	12.42
-111.0774	27.6599	12.62
-97.1274	17.6229	13.60
-92.5872	14.6335	13.62
-111.2998	24.6293	12.32
-114.0490	27.4464	13.20
-115.5420	32.4208	12.86
-109.9166	30.2666	12.87
-108.2706	25.9602	13.53
-113.6638	30.9700	12.16
-116.5158	31.1901	12.95
-105.1961	22.9887	13.51
-106.3304	25.2086	13.26
-115.8439	31.1858	13.31
-103.2980	28.0870	12.70
-111.1115	27.9545	13.79
-105.0593	24.0585	12.22
-106.8910	28.6620	12.43
-97.4423	18.6368	13.70
-97.1580	16.4668	13.76
-104.9260	29.5420	13.15
-105.8990	27.5170	13.60
-107.2180	28.6570	12.54
-101.8640	20.2160	12.82
-106.3434	26.3641	12.77
-97.7503	18.7292	13.52
-96.8585	16.4592	13.82
-105.5750	27.5180	13.54
-105.0599	25.2146	12.71
-107.4620	26.3430	12.81
-105.2570	29.8300	13.32
-102.0621	18.9019	12.74
-111.2480	30.5596	13.60
-99.1332	21.9746	13.21
-105.9010	27.8060	13.69
-105.2520	27.8080	13.15
-108.8462	27.3601	12.12
-108.2396	28.5049	13.04
-111.7485	27.9108	12.60
-111.6163	29.9988	13.54
-103.0234	22.1096	13.27
-112.8886	27.9181	13.44
-111.4448	28.2190	13.84
-98.6507	16.7869	13.74
-100.7004	23.4108	13.10
-99.1328	21.5319	13.40
-106.8260	26.6410	13.72
-101.2477	20.3764	13.13
-106.2570	30.4020	12.83
-109.4567	23.8431	12.34
-114.6032	30.3231	13.74
-113.2007	29.5565	13.26
-113.2506	27.0502	13.12
-116.1699	32.2862	13.38
-104.9260	28.3860	13.22
-110.8751	29.4035	13.12
-110.9556	25.9239	12.82
-104.3037	18.9698	13.11
-111.3710	26.0852	13.34
-107.5320	28.0740	12.16
-103.0266	27.6558	12.92
-96.8260	17.6153	13.88
-109.3146	23.9838	12.10
-104.5990	28.6750	12.87
-99.6345	24.9993	11.29
-105.0607	26.9483	13.68
-105.5720	26.9410	13.57
-104.9270	26.9420	13.58
-102.3487	29.4329	13.88
-110.6741	26.5208	12.46
-108.5792	23.4241	10.52
-95.6206	17.5802	14.00
-109.3086	24.4352	12.28
-115.2762	32.4174	13.95
-100.3155	21.1909	14.11
-107.5600	29.2280	13.50
-100.2798	26.9557	12.16
-100.9699	26.6832	12.98
-102.1358	28.0884	13.00
-102.6233	26.9504	12.06
-93.3284	16.9887	13.46
-93.6803	16.1414	13.88
-112.6371	26.4058	11.84
-114.9340	30.9340	13.66
-109.8290	24.1199	12.55
-103.6150	26.3570	12.61
-105.2540	28.9640	13.70
-97.4099	20.3348	14.64
-95.6507	16.7133	14.28
-91.8945	16.0303	14.02
-115.1602	28.0654	13.18
-104.5717	22.9883	14.12
-100.3966	24.2808	10.82
-103.3120	27.2210	13.22
-103.3070	27.5090	13.04
-104.5770	26.3630	13.90
-105.2550	29.2530	13.75
-112.6762	27.0995	13.85
-99.3146	23.8443	14.08
-102.0621	18.0395	13.10
-111.0980	27.9489	14.08
-109.8195	23.0756	12.92
-110.2962	24.2172	13.56
-100.3844	23.1249	13.09
-101.5570	20.2970	13.97
-108.2378	29.3750	13.10
-99.6376	25.5772	13.37
-106.8810	28.0850	13.64
-106.6500	22.2763	12.69
-98.0555	24.1307	13.22
-111.4663	28.5076	14.00
-96.2324	17.3097	14.22
-112.7457	31.0573	13.38
-109.4891	27.6574	14.35
-105.6828	22.9009	14.02
-98.0577	23.8417	12.89
-103.3335	22.1131	12.03
-108.2320	28.7935	13.35
-109.5799	30.5521	13.03
-98.3759	22.9762	12.76
-99.6725	24.4060	13.44
-102.1279	26.3280	13.10
-96.0029	17.6991	12.76
-112.3861	26.4224	13.70
-105.7055	26.9465	13.36
-105.9140	29.2500	12.43
-108.8967	29.3870	12.78
-108.2728	30.8209	14.26
-105.9240	30.4050	12.94
-114.0809	31.8056	12.58
-110.5969	25.3622	12.34
-108.6818	25.4550	12.52
-93.5752	17.8717	14.64
-113.0664	31.7120	14.34
-105.5880	29.8290	13.79
-109.4811	28.2349	13.89
-104.2656	21.8309	13.75
-105.5860	29.5400	13.86
-104.9270	27.8090	14.22
-103.9490	28.0930	13.74
-97.4128	20.0458	14.48
-97.7033	18.8789	15.20
-100.9122	17.4645	13.30
-112.4222	28.1589	13.76
-109.5555	23.9615	12.96
-108.5648	23.1339	11.70
-95.0274	18.1607	14.06
-114.9754	28.7611	12.86
-108.9157	29.9643	13.63
-106.4358	22.1153	13.11
-102.7225	21.5278	13.61
-109.9103	29.9763	13.13
-99.6183	21.5308	14.00
-105.7198	22.5721	14.25
-103.6270	27.8020	14.02
-97.6596	20.6260	14.84
-112.9871	30.9807	13.82
-100.6248	17.1771	13.92
-113.3047	30.7061	12.64
-97.1504	16.7558	14.42
-93.7319	15.2785	14.16
-108.2571	26.5374	13.86
-104.9270	27.2310	13.85
-107.5820	30.0940	14.09
-102.1754	21.2897	13.26
-115.0984	32.3517	14.07
-108.9129	30.5431	14.10
-103.2066	28.6216	13.24
-101.7746	19.4768	14.68
-114.7506	31.7560	14.32
-113.5033	29.2458	14.02
-111.8154	28.7767	13.44
-110.7330	27.3888	13.02
-95.3614	16.4145	14.64
-95.9776	18.2773	14.90
-94.4804	17.9199	15.30
-95.6895	17.2330	13.12
-114.1442	28.1451	14.06
-110.2155	29.4013	13.37
-101.0091	23.1182	14.40
-106.2610	30.6910	13.35
-101.8540	26.1706	13.48
-110.5778	25.0724	13.22
-91.7237	18.3362	14.40
-98.3746	23.2652	13.08
-109.5468	28.5252	12.71
-111.7707	28.1996	13.46
-108.6522	24.8749	12.18
-95.6307	17.2913	14.44
-113.2704	27.2759	14.18
-100.9358	21.0344	14.21
-106.5050	26.6450	14.03
-108.9094	25.9708	13.28
-106.0201	26.0779	12.50
-109.8071	28.2382	13.76
-108.8907	29.6756	13.17
-107.6603	24.0418	13.14
-103.3230	22.9800	13.71
-103.9600	26.9380	13.28
-98.9166	18.9570	15.30
-108.9241	23.9908	12.00
-107.0170	23.7731	13.26
-98.9315	17.9481	14.88
-97.7303	17.6368	14.78
-97.4288	17.6301	14.76
-112.1910	29.1095	14.01
-103.6436	22.1160	11.94
-106.9814	23.7173	13.25
-106.0332	22.8595	13.58
-112.0736	27.8909	13.20
-98.0318	17.6430	14.90
-112.0996	25.9865	13.20
-116.1797	31.1884	14.35
-103.3160	26.9320	12.49
-102.4138	21.5233	14.36
-105.5910	30.4070	14.18
-105.2500	27.2310	13.77
-103.6200	28.3790	14.43
-112.1892	29.3331	13.88
-97.1428	17.0448	14.62
-93.3645	16.4123	15.02
-93.1582	14.9570	13.64
-111.5657	25.5651	13.22
-106.5640	28.6660	13.69
-102.9024	20.9046	14.59
-100.3373	18.3269	13.28
-110.9757	26.2134	13.52
-92.3287	18.3764	14.44
-111.7951	24.5991	14.04
-114.5997	30.1493	14.38
-108.2837	25.3829	14.12
-111.4357	27.6649	12.63
-100.1666	20.0490	14.10
-110.2964	25.6691	13.02
-108.2647	23.4371	11.24
-107.3207	23.4723	12.42
-109.5577	24.2120	12.82
-98.6894	22.3990	13.14
-109.8135	27.6605	14.05
-106.6599	26.0719	13.22
-101.3800	25.0273	13.66
-114.7209	31.4698	14.70
-98.3448	17.0707	14.66
-105.5770	27.8070	14.18
-111.2044	29.1146	14.26
-105.2510	27.5190	14.27
-113.1750	29.2686	14.24
-107.6478	23.7515	12.74
-114.8524	27.8384	13.86
-107.6088	23.7080	11.69
-105.6985	25.7909	13.67
-102.7087	22.3944	14.66
-106.5390	26.9330	13.99
-93.1032	15.8190	14.60
-112.0427	24.5834	13.80
-104.8846	22.1216	14.16
-103.6016	24.5697	15.00
-102.6990	22.9721	14.12
-103.6380	26.9350	12.61
-109.8825	29.6877	13.86
-101.1997	19.1893	14.58
-107.0281	24.0634	13.86
-98.0128	18.5102	15.02
-96.5590	16.4512	14.98
-94.7316	18.1466	14.86
-94.2277	17.0384	14.48
-93.6976	15.8536	14.46
-115.5338	32.1811	14.72
-105.9160	29.5380	14.79
-110.6132	31.0469	13.87
-111.1118	28.2433	13.98
-105.2500	26.9420	14.43
-101.4248	25.6791	13.78
-102.1612	28.3909	14.12
-104.3618	18.3269	11.80
-101.1997	17.7520	12.92
-113.8861	29.7977	13.50
-111.0161	26.7923	13.04
-109.5224	23.3813	13.86
-92.1919	16.0503	14.94
-111.6337	30.2235	14.30
-101.6569	24.2640	13.29
-108.5958	25.6771	13.89
-114.2585	26.9761	14.04
-111.5091	28.5320	14.55
-108.5099	27.9320	14.97
-112.5573	27.4881	14.41
-99.5024	20.6305	13.04
-95.3718	16.1256	15.12
-97.4718	15.8958	14.80
-103.6310	27.5130	14.17
-106.3479	23.1461	13.99
-109.6073	31.0400	14.58
-98.0247	20.0502	14.52
-113.8315	29.2223	14.48
-112.3750	27.5814	14.18
-96.8342	17.3263	14.96
-95.9601	16.4337	15.18
-114.9938	30.2981	14.88
-109.8392	22.9640	13.20
-112.1464	27.3267	13.75
-106.5810	29.8210	14.86
-103.8057	23.4759	14.40
-100.3785	22.5470	15.12
-113.9135	30.0851	13.02
-110.2048	24.2196	14.68
-108.8937	23.4105	11.48
-98.3823	21.5308	14.25
-104.2770	27.8070	14.01
-104.6020	27.8080	14.04
-108.1850	27.9257	14.84
-104.9260	29.2530	14.13
-100.1904	26.6853	14.82
-99.7624	18.6144	15.12
-97.4143	18.2081	15.52
-114.3983	28.1258	13.72
-110.7862	27.9543	14.52
-100.2793	23.5225	14.28
-107.3091	23.1820	13.26
-108.8349	27.9375	14.73
-105.9220	30.1160	14.52
-100.0032	21.2688	14.32
-113.2785	30.4190	14.36
-107.9763	24.0300	12.94
-109.1923	23.1060	13.06
-95.6882	17.9757	15.28
-104.5960	29.2520	14.92
-98.3676	24.7103	15.20
-89.0397	20.2719	11.94
-101.4872	18.3269	14.56
-100.9122	18.0395	14.02
-97.4216	17.9191	15.52
-97.4361	17.3410	15.40
-94.7822	17.9348	13.78
-105.8205	22.9867	15.14
-103.9440	28.6710	15.10
-111.0115	26.6655	13.26
-108.9194	25.3933	13.42
-106.7496	22.4012	13.57
-98.1755	19.9417	15.48
-112.5664	29.8879	15.12
-112.0508	27.6020	13.74
-110.2230	24.5096	13.12
-96.8746	15.8812	15.34
-111.5640	24.8408	13.72
-115.1937	30.9135	14.44
-114.5544	27.4076	14.80
-110.7868	27.6655	13.10
-103.2934	23.9887	14.60
-101.4872	19.1893	14.70
-112.4938	29.0241	14.42
-113.4508	28.6696	14.36
-112.0281	27.3130	14.04
-108.2785	23.7273	13.04
-95.9219	17.5897	15.30
-98.0443	17.0649	15.24
-96.2505	16.7317	15.64
-92.7098	17.2409	11.12
-103.6240	28.0910	14.87
-101.4872	17.7520	13.06
-95.3861	17.9627	13.26
-94.2439	16.7500	14.84
-110.7894	23.7671	13.18
-99.0003	23.8446	15.03
-115.8368	31.7631	15.12
-106.7569	22.9791	13.48
-114.0527	31.5194	13.86
-112.4699	28.7359	14.98
-112.3516	27.2925	14.92
-102.4086	21.8121	13.50
-103.9580	27.2270	13.64
-104.6000	28.3860	14.78
-105.9060	28.3830	14.92
-103.7625	27.6013	14.64
-104.2685	21.2527	14.86
-113.5298	29.5336	14.96
-93.4535	14.9744	14.72
-113.5026	27.0323	16.02
-110.9144	30.5598	14.16
-111.6530	26.3751	14.08
-98.6913	21.5316	13.40
-107.5380	28.3630	14.55
-104.9270	28.0970	14.53
-110.1438	24.1220	14.30
-106.4273	21.2482	14.04
-107.6050	30.9590	13.93
-106.9728	23.1395	13.89
-112.6154	30.4629	14.42
-113.2265	29.8442	13.10
-110.6547	26.2313	13.34
-93.1216	15.5315	15.06
-114.6488	27.6365	14.40
-98.3732	23.5543	14.66
-110.2420	29.9786	14.82
-110.8545	28.8218	15.43
-97.8697	19.9400	15.08
-108.8626	26.4940	14.01
-97.9724	19.7608	15.22
-89.2642	21.1651	12.24
-113.5563	29.8213	13.46
-110.6353	25.9417	11.70
-108.3483	25.1781	13.68
-107.6354	23.4612	13.64
-111.5310	24.3880	13.74
-114.4425	28.5761	14.42
-115.4384	32.3564	15.11
-109.1790	26.7872	15.25
-105.8122	21.5414	14.50
-103.4994	18.0395	13.92
-110.5424	24.2182	13.92
-114.7436	31.6252	14.92
-106.7460	22.1123	13.82
-112.1943	29.3982	15.38
-105.5780	28.0960	15.01
-111.8621	29.1120	15.44
-114.2439	30.0609	14.80
-106.6789	24.5877	14.83
-102.3871	22.9673	15.27
-104.0743	18.0395	9.52
-101.7746	17.7520	15.02
-112.2127	29.6210	15.06
-110.9158	25.3445	13.96
-112.2780	25.0656	14.78
-106.9645	22.5617	12.95
-104.3328	20.7036	15.29
-96.8576	18.8815	15.76
-114.2157	29.7735	15.50
-108.6670	25.1650	14.66
-98.6295	17.9432	15.92
-93.4004	15.8366	15.40
-111.2839	25.1274	13.64
-103.6350	27.2240	14.15
-104.1048	25.5008	15.50
-98.3719	23.8433	14.84
-105.2399	19.8644	15.15
-111.2812	31.0103	14.56
-107.6231	23.1709	13.52
-98.6454	17.0760	15.70
-92.0262	18.3566	15.56
-94.5896	15.9009	14.22
-104.0014	19.0558	15.53
-104.8839	22.9888	15.31
-105.5800	28.3850	15.57
-102.7820	19.3920	15.42
-108.6183	24.5222	14.30
-105.2531	20.4428	15.07
-103.1711	24.0476	15.26
-108.5356	26.7775	15.50
-98.6187	18.5213	16.00
-95.1132	17.3713	14.44
-111.7038	31.1213	15.20
-111.2835	30.8493	14.40
-109.2721	31.0359	14.33
-98.6875	23.2662	14.84
-94.1950	17.6156	15.50
-111.8121	24.8255	14.26
-113.3103	27.7271	15.30
-116.5172	30.9013	14.25
-116.1822	30.8997	14.25
-106.9994	24.8727	14.65
-102.3563	23.6865	15.54
-102.5467	29.0272	15.82
-97.9667	20.6281	16.40
-100.9122	16.8896	12.68
-114.3868	31.4949	14.00
-114.3006	30.6351	12.50
-113.8380	27.9161	15.02
-111.8924	30.2082	15.14
-104.6050	26.9410	15.29
-99.7486	26.7901	14.24
-103.7740	27.9234	15.78
-114.4158	31.7811	14.50
-95.6806	15.8465	15.68
-106.6441	24.9165	15.13
-106.0289	22.2814	12.70
-110.2008	28.5307	14.72
-98.0255	17.9321	16.34
-95.0729	16.1153	16.10
-94.4962	17.6310	15.70
-109.4969	27.0798	15.23
-111.2473	30.2708	14.93
-104.4189	26.3693	15.54
-102.7039	22.6833	15.92
-99.6234	22.6871	15.07
-100.3373	17.7520	15.48
-112.0965	28.1796	15.46
-110.3523	26.5380	13.20
-97.7235	17.9258	16.32
-98.3333	17.6488	16.36
-97.4647	16.1848	15.84
-93.0288	16.9709	15.48
-92.4696	16.3575	15.40
-110.4831	23.5390	14.72
-106.2430	29.2470	15.15
-108.3088	24.2282	13.84
-104.4272	24.6355	16.16
-110.7873	27.3766	12.00
-105.2530	28.3860	15.66
-102.3926	22.6785	15.04
-112.1427	28.7566	15.80
-98.6401	17.3651	16.10
-96.8666	16.1702	16.06
-95.9903	17.9881	15.72
-92.4894	16.0697	15.26
-113.7962	27.4652	14.14
-110.8549	28.5329	15.45
-109.1648	27.6535	15.51
-99.7516	21.6839	15.82
-106.6569	22.8542	13.61
-106.8760	27.7960	14.73
-108.9292	24.8157	13.74
-102.5909	26.5448	14.80
-98.9508	16.7917	15.94
-97.7638	16.1915	15.90
-103.9495	22.6963	15.28
-97.6676	21.2124	15.72
-98.3294	20.3408	16.16
-102.9245	17.7520	13.68
-113.6368	30.6831	14.80
-111.0365	27.0816	14.30
-97.1657	16.1777	16.04
-115.2177	31.1373	15.84
-102.4034	22.1009	16.02
-110.2470	30.5577	14.94
-109.1743	27.0760	13.87
-110.7133	27.0995	13.70
-95.0842	17.9490	14.68
-108.6070	30.8275	14.92
-106.4388	22.4043	14.55
-106.9563	24.6239	14.96
-106.2650	30.9790	14.37
-100.0696	22.8384	15.72
-106.9290	30.6820	14.22
-102.4189	21.2345	15.32
-87.9062	19.2964	14.16
-100.6248	17.7520	15.34
-113.7184	31.5432	15.94
-96.5333	17.3182	16.24
-114.0278	27.2208	15.78
-107.2901	23.4242	14.16
-105.8090	20.9632	15.71
-101.6960	28.0246	15.20
-89.0674	19.9829	14.38
-99.7624	18.7145	16.34
-103.2119	18.0395	14.22
-113.1494	28.9806	15.88
-109.8018	24.4399	15.66
-111.5475	24.6144	15.16
-106.1168	20.9614	15.13
-104.2730	28.3840	15.82
-109.5412	26.5563	15.33
-109.8103	27.9494	16.20
-101.7746	18.9019	15.42
-103.2119	18.3269	12.82
-111.0569	27.3708	13.94
-91.4880	17.4495	16.32
-111.7810	25.0973	15.08
-114.6523	28.1061	14.84
-109.2245	26.2638	15.37
-106.9950	23.1924	14.10
-98.6560	16.4978	16.08
-91.7670	17.7589	16.46
-104.8970	26.6530	16.58
-104.5980	28.9630	15.56
-98.6839	24.7113	15.63
-104.9460	20.5320	15.45
-107.5670	29.5170	16.09
-105.8138	21.8305	14.36
-101.9740	25.7959	15.42
-101.4872	18.6144	15.54
-102.9245	18.6144	15.86
-113.5830	30.1087	14.44
-112.8217	29.0027	15.58
-110.5398	24.4926	13.62
-110.7879	27.0877	14.66
-103.6160	28.6680	16.41
-108.9386	24.2380	13.92
-87.6024	19.2676	13.04
-114.6617	30.8969	16.28
-94.8276	17.0685	16.18
-114.0066	26.9952	15.70
-99.0003	23.5555	16.49
-99.0003	22.1102	16.49
-104.6010	28.0970	15.50
-100.7079	23.9887	16.05
-112.0469	24.4482	15.20
-100.7922	28.3354	14.80
-89.5726	21.1906	13.06
-101.7746	18.0395	14.76
-112.9979	31.0154	15.68
-110.0304	26.5545	14.94
-107.9371	23.1592	13.22
-92.8061	15.8009	15.78
-107.2700	30.9660	14.46
-109.2415	25.1085	14.59
-105.3822	26.6589	15.34
-95.0620	16.4042	16.64
-97.1808	15.5998	15.90
-114.7354	30.3183	16.10
-104.6030	27.5190	16.47
-100.9122	18.3269	14.70
-100.3373	17.4645	16.72
-108.2923	24.0176	14.22
-97.4070	18.4971	17.06
-96.8753	18.6004	16.06
-92.5484	15.2074	16.48
-112.0295	25.0816	15.72
-113.2903	27.5016	15.38
-111.8384	28.8192	15.87
-110.1379	27.6629	16.09
-104.1209	23.1889	15.45
-105.5041	21.8317	13.62
-102.4371	28.2653	15.60
-95.0511	16.6931	16.68
-92.7292	16.9526	13.76
-107.6854	24.6222	15.22
-98.9363	17.6590	17.16
-95.9885	15.5669	16.86
-111.5991	26.0176	15.68
-106.6000	30.9760	15.92
-104.2690	28.9620	16.83
-110.9146	30.2710	15.55
-103.2890	28.6640	16.43
-99.6360	25.2883	14.51
-99.4047	25.4256	14.48
-102.2104	26.7141	15.18
-100.6548	26.7595	15.64
-98.0484	18.7309	15.06
-109.6911	26.2808	14.62
-107.9895	24.3202	13.98
-97.7167	18.2149	17.10
-98.3275	17.9379	17.00
-93.5574	18.1606	16.50
-109.8738	28.5283	15.91
-109.4931	27.3686	16.26
-110.1356	27.9518	16.55
-106.3422	22.5681	15.45
-116.1870	30.3222	16.10
-105.5012	20.9644	16.12
-109.5207	23.5393	15.69
-107.3325	25.7344	16.25
-111.1825	28.8217	15.23
-103.4681	25.4956	16.62
-106.0422	24.0155	16.18
-100.2315	27.6560	14.48
-113.1239	28.6924	16.30
-110.3900	27.1168	15.22
-110.8762	24.7649	14.58
-98.9217	18.5262	16.86
-98.9412	17.3699	17.00
-96.5676	16.1622	16.82
-93.9782	16.1578	16.36
-110.7890	23.9929	14.70
-111.1738	25.4420	15.33
-104.8853	21.2542	14.79
-89.6259	20.6121	13.70
-112.5909	30.1755	15.14
-112.5421	29.6002	16.16
-99.2335	17.9526	16.96
-92.8818	14.6520	16.08
-108.2670	31.0186	15.77
-104.2540	26.6510	15.92
-113.5781	27.7044	16.36
-89.3460	20.2977	12.44
-87.9360	19.0079	14.78
-96.5246	17.6072	16.56
-102.3981	22.3897	16.70
-106.1327	22.9848	15.86
-97.7644	21.5274	17.41
-101.8580	26.6634	16.16
-100.1688	18.8925	16.98
-114.0246	31.2330	15.00
-112.5179	29.3122	15.00
-109.3863	26.5857	16.00
-97.1119	18.2010	16.88
-97.7705	15.9025	16.88
-96.3044	17.7109	15.86
-114.8346	29.9049	16.64
-114.2311	29.0455	16.54
-109.8367	23.2530	14.99
-98.0468	25.2866	15.32
-110.5737	29.9801	15.80
-104.8848	21.8324	15.45
-98.1740	20.2308	17.01
-107.6204	24.2855	14.94
-107.3442	24.0529	15.12
-98.0691	15.9087	16.54
-114.5544	29.7003	15.28
-99.6247	22.9762	15.71
-99.0003	22.6883	16.18
-104.8844	22.4106	16.64
-106.6713	24.0099	16.73
-108.2463	30.5307	15.48
-111.1106	27.0878	14.99
-105.1949	22.1215	15.52
-116.1846	30.6109	15.61
-114.6912	31.1835	16.20
-115.1058	27.8179	16.12
-106.9903	24.2950	16.06
-101.8626	21.3727	15.87
-104.7416	25.5033	16.08
-98.8229	22.2637	15.24
-88.7335	20.2454	12.60
-95.0291	17.2710	17.22
-95.6749	18.2648	17.54
-112.0820	25.7603	15.36
-110.2132	29.6900	16.02
-98.3690	24.4213	16.94
-104.0271	20.7906	16.85
-89.3189	20.5868	14.46
-112.7969	28.7145	16.36
-110.6937	26.8102	14.86
-110.3336	26.2484	14.40
-109.2558	24.2666	14.24
-98.6861	23.8443	16.22
-103.4823	24.3400	15.40
-107.3002	24.0018	15.01
-87.6329	18.9793	14.30
-99.7624	18.0395	16.74
-108.9701	24.8611	14.88
-108.6375	24.5848	15.28
-94.4516	16.6711	17.16
-108.2140	26.7715	16.38
-111.2371	29.9806	16.30
-111.5348	29.4025	14.11
-110.5807	30.5592	16.24
-108.5596	28.7998	16.11
-109.1600	27.9422	16.30
-102.8202	26.2103	16.30
-88.7901	19.6677	14.70
-101.1997	19.4768	16.30
-101.4872	18.0395	14.68
-109.5722	24.2516	14.86
-108.3062	24.3078	14.52
-97.7572	16.4805	17.04
-98.0629	16.1977	16.98
-110.4623	27.6646	16.36
-98.3705	24.1323	16.28
-106.6050	31.2640	15.08
-102.7236	27.2744	16.76
-108.9394	24.2809	14.96
-94.1519	16.6595	17.28
-111.1109	27.3767	13.66
-104.7462	23.1912	15.95
-103.4753	24.9178	16.80
-99.6302	24.1323	15.85
-115.1861	28.6623	14.65
-103.2424	27.4329	16.20
-89.3731	20.0087	15.62
-109.3368	25.7165	16.52
-111.7957	25.7908	16.03
-99.2247	18.5307	17.36
-113.7547	27.0140	16.84
-106.1280	22.4068	15.54
-103.7949	24.6318	17.16
-115.5214	30.3164	17.04
-114.6910	28.6409	15.58
-89.1498	19.1166	14.84
-100.9122	19.7642	16.78
-103.4994	18.6144	16.18
-110.9959	26.5029	14.96
-109.5059	23.0911	15.80
-96.2804	18.2891	17.18
-114.9063	28.0859	15.78
-111.0115	26.3766	14.91
-110.1513	22.9659	17.22
-108.8872	28.8053	16.43
-115.0244	31.1577	16.48
-108.6082	24.0045	14.74
-96.8178	17.9043	17.24
-94.4753	16.0934	17.16
-92.5678	14.9203	17.06
-111.8151	25.5498	16.26
-111.5990	29.7739	16.94
-111.8418	26.4062	15.15
-109.5239	23.2503	16.21
-109.5428	28.8140	16.61
-105.2190	26.6530	16.41
-112.1195	28.4682	16.24
-111.2552	25.6158	16.10
-98.6241	18.2323	17.54
-98.9556	16.5027	17.12
-93.8168	18.1246	17.02
-102.9745	24.2737	15.22
-101.3367	23.9804	16.73
-102.6370	18.0395	16.36
-108.2510	23.1469	14.06
-115.0329	32.4455	16.54
-109.2758	30.8382	16.74
-101.7013	27.6222	16.16
-102.0621	17.4645	15.22
-113.6098	30.3960	14.94
-114.5741	30.0360	15.48
-113.2524	30.1317	15.66
-113.8045	28.9344	16.10
-106.6912	23.4926	14.38
-110.4651	27.0868	15.94
-110.8755	29.1147	15.71
-113.0791	28.7491	16.96
-98.0071	18.8808	18.50
-111.2838	24.4029	15.72
-99.3125	22.9771	17.20
-108.6072	25.0996	15.67
-107.6325	24.8629	16.23
-105.5740	27.2300	16.48
-106.1234	21.8287	15.85
-106.9654	25.2015	17.38
-106.3661	24.8798	17.19
-110.0124	26.2650	14.52
-108.9856	25.1511	16.20
-115.5170	30.6050	17.46
-92.0681	17.7792	17.98
-92.8630	14.9390	16.02
-111.7980	25.3236	15.60
-111.3331	26.6651	15.13
-101.6337	23.1090	17.12
-102.6370	18.3269	16.28
-102.9245	18.3269	15.50
-95.3509	16.7034	17.82
-95.3822	15.8367	16.98
-91.5100	17.1613	15.80
-114.8297	27.6130	16.76
-100.3904	23.7029	13.29
-112.8667	26.7620	16.83
-115.5126	30.8937	17.46
-100.4726	26.3851	16.30
-101.1997	18.6144	15.80
-101.4872	17.4645	15.54
-95.3299	17.2814	17.80
-92.0890	17.4907	17.62
-104.7390	26.6591	17.39
-111.1820	28.5329	17.04
-106.0058	24.3442	16.78
-108.5418	26.4888	17.16
-103.9470	28.3820	16.44
-98.2710	21.2079	16.98
-87.0769	21.2585	14.28
-100.9122	19.1893	17.44
-111.0365	24.4174	15.84
-109.4851	27.9462	16.55
-108.5293	27.0661	17.99
-109.8196	27.0829	15.36
-99.8363	26.9890	15.10
-99.4749	17.7520	14.72
-113.8587	29.5101	17.30
-95.4277	17.0961	16.58
-110.5440	23.7666	15.68
-104.5760	21.5428	17.42
-110.1495	23.2550	16.62
-108.5165	27.6434	15.75
-108.8406	27.6488	15.75
-103.2070	25.0672	17.80
-88.7619	19.9565	15.02
-100.3373	17.1771	15.88
-114.7816	30.7666	17.60
-105.6952	25.2129	16.12
-107.5974	23.1305	15.47
-106.9350	30.9710	15.44
-111.5105	28.8209	17.10
-109.2331	25.6862	16.99
-89.1224	19.4053	15.14
-94.5432	16.7653	16.62
-99.3119	22.6880	16.71
-104.0188	20.2122	16.16
-108.2965	24.8056	15.75
-112.9724	30.7285	15.14
-91.7884	17.4704	17.96
-92.4497	16.6455	16.64
-113.5291	27.2473	17.26
-109.8707	28.8171	17.30
-99.3132	23.2662	18.41
-102.9835	23.6960	17.67
-113.9966	30.9463	15.92
-97.7099	18.5039	18.34
-96.8423	17.0372	17.82
-97.7505	16.7696	17.86
-99.2553	16.5070	17.54
-103.3030	27.7980	17.10
-104.2710	28.6730	17.30
-89.2916	20.8759	14.58
-109.9588	25.3957	15.12
-98.6348	17.6542	18.32
-97.7438	17.0587	17.94
-95.9696	16.1448	17.84
-94.7741	16.1046	17.86
-111.2678	24.1764	15.96
-109.5008	26.7910	17.38
-109.1696	27.3647	18.02
-99.7506	25.1792	15.28
-113.9411	30.3724	14.52
-109.6568	25.7013	16.06
-110.2779	25.3793	15.40
-96.2596	16.4427	18.18
-103.9350	26.3600	17.23
-99.0003	21.8210	16.47
-98.0597	23.5527	16.51
-113.4296	26.8054	17.50
-108.2455	29.0865	16.91
-111.7782	24.3727	16.86
-108.9414	30.8333	17.15
-104.2750	28.0960	17.38
-101.1397	28.3376	15.98
-88.7051	20.5343	14.46
-88.6765	20.8233	14.56
-109.0642	26.6003	17.58
-111.2759	25.9054	16.58
-94.7513	16.6824	18.12
-110.8604	23.9012	16.28
-106.4448	22.9823	16.01
-111.4380	28.2427	17.32
-98.0677	22.3966	15.70
-104.5752	21.8319	17.56
-112.8811	27.4841	17.47
-108.2210	26.4829	16.79
-99.7960	25.6272	15.72
-109.2880	24.8467	15.46
-108.3342	24.8880	15.66
-115.8894	30.0454	17.56
-98.6888	22.6880	16.28
-110.2412	24.7995	16.44
-98.3506	16.7816	17.94
-94.5742	16.1889	17.16
-92.2992	15.2601	17.48
-106.3124	23.4749	17.21
-99.3106	22.1099	18.08
-110.1423	27.0852	17.14
-100.1645	19.7599	17.58
-96.2232	17.5987	18.04
-92.9721	17.8365	17.70
-111.8646	29.4008	16.79
-110.4637	27.3757	16.42
-103.2119	17.7520	14.40
-109.2719	24.5566	15.42
-103.7893	25.2096	18.03
-103.9560	21.8292	14.31
-103.7835	25.7874	17.34
-106.3599	24.3020	17.49
-103.2758	27.1099	17.60
-99.2466	17.0852	18.10
-103.6048	24.2808	16.40
-112.1664	28.8168	17.27
-108.5229	27.3547	16.49
-98.6881	22.9771	17.18
-107.6120	31.2480	15.72
-100.0029	23.7939	17.48
-102.3324	26.0154	17.22
-103.6754	27.2309	16.92
-112.4460	28.4475	17.04
-112.9071	26.6148	17.64
-115.3738	30.0882	17.94
-114.8070	27.3876	17.14
-103.3266	22.6910	15.89
-109.5554	25.4009	16.43
-100.3373	19.1893	16.10
-102.6370	18.9019	16.94
-113.7760	26.7995	17.58
-99.6391	25.8662	16.56
-103.5984	24.8586	17.75
-100.8033	25.8461	16.54
-102.3671	25.3975	17.10
-98.0229	20.3393	18.88
-103.7869	18.0395	15.04
-109.9766	25.6855	15.44
-93.5929	17.5829	18.50
-110.1333	28.2406	14.22
-96.8597	18.7137	18.10
-89.4268	19.4309	15.24
-99.7624	17.4645	16.96
-95.3925	15.5478	17.72
-92.3896	17.5103	17.42
-95.1420	16.7941	17.70
-92.1715	16.3381	16.04
-93.1400	15.2441	17.60
-114.9489	31.2951	17.39
-100.1409	24.4288	16.28
-99.9376	27.3187	16.10
-99.7624	17.7520	17.56
-110.0485	26.8440	17.42
-109.3205	25.4266	16.82
-98.9460	17.0808	18.40
-97.4789	15.6069	17.38
-94.8425	16.7800	17.66
-105.8106	21.2523	16.68
-104.0098	19.6334	17.07
-115.8474	30.8971	18.01
-99.6208	22.1090	18.82
-110.1401	27.3741	17.59
-100.3945	25.2769	18.00
-109.5389	23.6714	16.56
-92.7679	16.3764	17.42
-92.8441	15.2261	17.84
-113.6772	28.6330	18.18
-102.9865	25.3328	18.56
-114.9523	28.5362	16.62
-105.6888	24.0570	16.62
-99.9948	21.8460	18.27
-101.7746	17.4645	17.18
-102.3496	17.1771	13.68
-104.1131	24.3450	18.70
-99.7531	21.9729	19.07
-108.5740	29.0928	17.88
-104.3223	20.1262	17.91
-113.6910	31.2567	16.38
-108.6228	24.2947	16.14
-96.2686	16.1537	18.60
-96.2924	17.9999	16.20
-107.2120	28.3680	17.50
-103.8108	22.8979	17.18
-99.4749	17.1771	17.22
-110.3711	26.8275	16.08
-93.9949	15.8700	17.60
-112.3679	26.1964	17.78
-111.8494	26.0022	17.66
-99.3139	23.5552	18.63
-104.1170	23.7670	18.84
-103.2857	24.5665	18.21
-100.3468	24.1290	17.34
-100.9122	19.4768	18.20
-96.5761	15.8732	18.74
-99.4440	22.2632	19.19
-96.4088	18.7080	17.62
-95.9123	17.8787	18.70
-105.9270	30.6930	16.27
-113.7221	28.8157	18.05
-106.6809	23.2022	17.40
-94.2762	16.1736	18.06
-109.8166	27.3717	17.66
-109.5484	25.9786	16.62
-93.4182	15.5490	18.38
-113.7754	27.2396	18.12
-110.2795	30.8476	17.93
-107.3107	24.5794	16.92
-98.6907	21.8208	17.56
-89.0119	20.5609	15.06
-107.0060	23.4827	17.28
-96.5159	17.8962	18.26
-94.5276	17.0537	18.58
-99.6260	23.2652	17.37
-102.4780	19.4740	18.34
-109.5142	24.1172	16.71
-110.9054	29.9808	17.94
-109.7257	26.8600	17.26
-98.6847	24.4223	18.02
-99.3153	24.1333	16.95
-111.5333	29.1137	16.09
-102.0621	18.6144	16.06
-100.6248	17.4645	19.18
-109.2398	23.9765	14.80
-96.8827	15.5923	18.88
-98.0657	22.6856	17.49
-98.6901	22.1099	16.81
-113.6262	26.6667	17.09
-106.8860	28.3730	18.36
-98.8876	21.2095	20.10
-89.1770	18.8279	15.74
-102.0196	27.0085	17.68
-89.8811	21.2154	16.10
-105.0604	26.3704	18.26
-104.4298	24.0575	18.11
-87.3850	21.2883	15.46
-99.2291	18.2416	19.22
-95.4503	18.4067	18.96
-113.5433	27.4836	17.94
-105.8630	20.2663	17.21
-102.8528	28.0438	17.68
-114.3580	31.2085	17.50
-114.3292	30.9219	17.90
-100.8480	27.7167	17.50
-112.9217	30.1539	18.04
-98.9266	18.2372	19.36
-99.7624	18.3269	18.66
-95.1276	17.0826	18.04
-93.9279	17.0224	18.88
-109.5552	24.4378	16.82
-111.5824	25.7914	17.40
-104.5735	22.4101	16.97
-98.6854	24.1333	18.27
-104.2595	22.9871	18.31
-95.9791	15.8558	19.16
-100.0652	22.2603	19.83
-108.1924	27.6372	18.40
-100.2734	26.1046	17.32
-88.2393	19.0360	16.44
-94.0808	18.1199	19.52
-93.2736	17.8544	18.34
-106.1257	22.1177	17.10
-105.3716	23.1910	19.43
-101.7746	18.6144	18.14
-105.5031	21.5426	17.76
-102.2708	27.1371	19.14
-95.3404	16.9924	19.54
-115.3018	29.4148	18.78
-106.9410	31.2600	16.83
-113.3254	28.6053	19.34
-107.2060	28.0800	18.46
-114.3863	28.2773	17.65
-107.2803	22.8465	16.80
-98.0733	21.5294	17.83
-100.4058	27.8543	17.26
-108.9547	24.5710	17.16
-96.2141	17.8877	19.08
-104.4371	22.3232	17.32
-110.4665	26.7979	17.06
-94.6203	15.3256	16.88
-105.7292	24.3063	17.65
-108.8990	26.5483	17.99
-108.2069	27.0601	17.50
-100.6248	19.4768	17.46
-100.9122	17.7520	17.58
-111.8568	29.7587	18.98
-99.0003	23.2665	18.78
-99.2626	18.7331	18.94
-109.3533	26.0063	18.76
-107.3560	24.3432	18.06
-94.7399	16.9713	19.70
-96.2865	15.5758	19.70
-97.8677	20.2291	20.11
-101.5545	20.8750	18.16
-100.8519	25.4793	18.48
-87.4478	20.7107	16.02
-101.4872	18.9019	18.56
-99.2596	16.2180	18.46
-93.0475	16.6827	17.62
-92.7486	16.6644	18.00
-94.0114	15.5823	16.46
-115.8644	29.8211	17.94
-100.0499	16.3147	13.18
-98.9604	16.2136	18.54
-91.8098	17.1821	17.46
-106.7532	22.6902	17.44
-112.8465	29.2907	17.38
-93.6281	17.0059	19.20
-107.2770	31.2540	17.21
-111.3323	26.3762	18.27
-106.4418	22.6933	17.91
-87.1090	20.9697	15.72
-102.3496	18.0395	19.98
-113.9688	30.6595	17.78
-91.8734	16.3180	17.62
-109.8342	23.5420	18.41
-103.1628	24.6254	18.98
-101.1997	17.4645	17.96
-96.5540	18.8778	17.82
-100.9122	18.6144	18.56
-109.0012	25.4411	18.48
-93.0100	17.2593	17.28
-110.1445	26.7963	18.03
-101.1497	28.6819	17.58
-96.6919	19.1708	19.34
-107.6577	26.0175	18.76
-111.2976	26.3072	18.28
-108.0028	24.6104	18.14
-105.1937	21.2541	18.92
-108.1997	27.3486	18.07
-100.8449	28.0560	17.96
-102.3764	25.8047	18.80
-98.2778	19.7623	18.54
-89.0950	19.6940	17.66
-113.3310	30.9931	17.36
-93.4359	15.2616	18.24
-101.8638	20.7944	18.38
-101.2371	27.1035	19.12
-103.2457	25.7071	18.40
-102.3496	19.1893	18.82
-94.4397	16.9600	20.06
-93.7148	15.5659	18.92
-115.0687	29.6601	19.66
-106.1211	21.5396	17.42
-111.9026	25.4120	17.81
-109.8226	26.7940	18.10
-101.1848	27.9688	18.72
-109.6227	25.1216	17.72
-109.9235	24.8159	17.54
-94.4634	16.3822	19.94
-115.8542	30.3197	19.86
-110.2595	25.0894	17.14
-97.1042	18.4899	20.44
-89.4000	19.7198	17.46
-98.6612	16.2087	19.34
-94.6050	15.6132	15.88
-112.9960	28.3592	19.24
-99.6196	21.8199	19.86
-87.5410	19.8446	16.16
-110.8960	25.0547	17.74
-115.3002	30.7257	20.04
-109.5045	26.5021	18.54
-99.9217	24.1845	19.10
-95.6905	15.5576	19.12
-115.1836	28.2905	18.22
-98.3798	22.1090	18.30
-99.0003	21.5319	18.30
-98.5479	25.4452	18.50
-91.4437	18.0265	16.52
-99.7594	23.1292	19.81
-103.4994	18.3269	19.24
-109.9060	24.5259	17.98
-107.6728	24.3320	17.72
-92.3694	17.7989	19.68
-91.5319	16.8731	18.56
-106.1303	22.6958	19.76
-98.3773	22.6871	18.86
-109.7084	26.5704	17.86
-91.1421	18.0049	16.46
-93.8769	17.8884	18.76
-92.1304	16.9141	17.64
-109.9412	25.1058	17.60
-114.6748	28.3312	18.68
-115.0409	30.7464	20.42
-104.7473	22.6131	19.83
-108.9026	29.0984	18.50
-109.2313	29.1031	18.93
-101.9531	25.1630	19.88
-98.5801	20.9199	18.88
-109.8225	24.4985	18.47
-98.2724	20.9188	18.80
-88.2100	19.3245	17.58
-100.3373	18.0395	18.28
-98.0567	16.4867	20.28
-98.6665	15.9197	19.48
-103.0193	22.3986	20.24
-102.6370	18.6144	19.66
-93.2552	18.1432	18.72
-99.3182	25.2893	18.45
-112.8580	26.2380	18.37
-88.4853	19.6407	17.10
-88.9840	20.8499	16.34
-99.2509	16.7961	20.30
-92.9531	18.1253	19.16
-104.9270	27.5200	19.60
-101.8755	28.6239	19.04
-108.3202	24.5979	18.62
-104.2610	22.6981	18.47
-97.7163	20.3373	21.20
-89.9331	20.6368	16.40
-87.4165	20.9995	16.80
-102.0621	17.1771	15.58
-96.5846	15.5843	20.42
-93.6456	16.7175	18.56
-104.6400	20.6172	20.22
-100.6932	22.8329	19.91
-100.2697	27.2332	18.42
-90.1118	18.6141	16.20
-112.8965	29.8664	19.38
-110.0666	27.1334	17.96
-110.5432	23.9924	18.94
-114.3454	27.8780	19.10
-98.3811	21.8199	18.13
-105.5840	29.2520	19.68
-92.4097	17.2219	18.64
-105.5022	21.2535	19.49
-102.6370	17.4645	15.36
-109.6739	25.9911	17.46
-112.3498	25.9703	18.58
-112.3789	26.8169	19.09
-100.3524	24.8667	18.52
-91.0205	18.6833	15.88
-114.4870	29.0261	20.08
-107.6709	26.5948	18.86
-101.1446	25.3234	18.50
-100.9684	27.2842	18.54
-98.0505	16.7758	20.66
-106.2400	28.9580	19.53
-98.3646	25.2883	19.33
-99.0003	24.1336	19.43
-104.2626	22.4090	18.37
-97.6570	20.9151	18.20
-100.3373	18.9019	18.86
-99.4749	18.3269	20.26
-111.5491	25.3389	18.86
-99.8095	20.6293	20.24
-109.5890	24.5416	18.96
-115.8508	30.6084	20.73
-99.3093	21.5316	20.98
-111.8361	28.5304	19.53
-109.3697	26.2960	20.06
-93.9447	16.7341	18.94
-104.5743	22.1210	20.12
-111.5448	25.1041	18.71
-98.6832	25.0003	18.90
-100.7226	26.9589	20.16
-101.4637	28.6256	18.84
-102.3496	17.4645	17.08
-99.7624	16.3147	16.82
-109.3042	25.1367	19.14
-93.8939	17.5996	20.64
-104.4160	26.9471	20.65
-105.8154	22.1196	19.07
-88.1807	19.6131	17.68
-88.6478	21.1124	17.80
-98.6868	23.5552	20.04
-105.8188	22.6977	19.21
-99.6706	26.0530	19.64
-88.9278	21.4282	17.86
-99.4749	18.0395	18.34
-92.4298	16.9336	20.20
-91.5755	16.2974	19.64
-103.6409	22.4050	18.62
-97.7187	20.0483	20.26
-92.1510	16.6260	20.30
-99.0003	25.0006	18.97
-90.7175	18.6609	16.64
-98.3678	15.9144	20.42
-94.1786	17.9044	21.64
-94.2114	17.3269	20.76
-115.1158	30.1089	20.98
-98.5793	21.2090	21.36
-95.0401	16.9821	21.56
-102.3496	18.9019	20.54
-100.0499	18.6144	20.30
-90.0613	19.1916	17.34
-87.8157	20.1622	17.10
-87.8460	19.8735	17.24
-108.0161	24.9005	20.24
-99.6221	22.3981	21.80
-101.7418	27.3049	20.28
-87.7241	21.0286	17.96
-93.6105	17.2943	21.38
-89.6525	20.3230	17.84
-115.3257	29.6394	21.26
-115.0562	28.3648	20.27
-98.0512	24.7086	20.16
-102.1290	27.4377	20.42
-99.3174	25.0003	19.59
-109.5175	23.8282	19.49
-97.9647	20.9172	19.66
-89.8349	18.3013	17.26
-110.3149	25.9588	19.04
-111.7642	28.2412	20.29
-103.1542	25.2031	20.25
-101.6341	28.4531	19.92
-99.6331	24.7103	19.28
-106.8710	27.5070	19.89
-98.0534	24.4197	19.93
-110.1476	23.5440	19.67
-99.0003	25.8676	19.75
-112.9470	30.4413	19.58
-94.9019	15.6277	19.12
-89.5993	20.9013	18.88
-100.6248	18.6144	19.92
-101.7746	18.3269	21.14
-109.6397	25.4115	19.60
-103.2119	18.6144	21.60
-95.0838	15.8264	21.12
-97.7771	15.6135	21.12
-112.6185	26.1798	19.90
-88.8182	19.3790	18.74
-94.5119	17.3423	20.56
-109.9944	25.9753	19.36
-109.5271	22.9614	20.16
-111.3159	24.8557	19.92
-106.1189	21.2505	20.94
-109.8256	26.5051	20.17
-98.0753	15.6197	21.64
-112.3318	25.7442	20.02
-99.6316	24.4213	21.35
-90.0359	19.4805	18.86
-99.4749	18.6144	21.38
-98.3563	16.4925	22.00
-94.1642	16.3706	22.30
-104.1090	24.9229	20.54
-99.3189	25.5783	20.25
-100.3373	16.8896	20.02
-112.0645	25.5341	20.36
-100.1486	25.5010	19.98
-100.6529	25.1168	21.78
-98.3661	24.9993	21.15
-102.3913	27.9642	19.62
-101.1997	18.0395	19.32
-90.1369	18.3255	18.78
-102.9245	18.0395	21.02
-98.3621	16.2034	21.90
-105.6919	24.6350	21.69
-102.1148	27.7907	20.34
-109.6058	24.8316	19.88
-99.7624	16.8896	18.74
-111.3385	26.7738	19.72
-95.9648	18.5666	20.96
-90.0866	18.9028	18.74
-113.1780	26.8232	20.88
-99.8456	24.6814	19.86
-101.5518	26.5117	21.50
-87.1410	20.6810	18.86
-100.6248	16.8896	21.68
-92.1097	17.2023	21.40
-106.0013	23.7663	21.38
-99.3112	22.3990	20.82
-110.5588	24.7825	20.88
-99.6288	23.8433	21.96
-88.8462	19.0903	20.00
-88.3984	20.5071	18.64
-94.3082	15.5980	19.52
-98.7611	25.9163	22.04
-102.9245	18.9019	22.22
-96.2776	15.8647	23.08
-102.3496	18.3269	23.16
-103.7775	26.3652	21.79
-101.6556	25.3557	21.46
-100.0499	18.0395	22.54
-99.1875	16.0272	19.24
-98.0445	25.5755	21.61
-114.5770	29.9248	22.04
-104.1004	26.0787	22.31
-112.2390	24.7962	21.08
-96.5718	18.5897	22.56
-100.3373	16.6022	20.00
-94.8125	17.3571	22.18
-98.6817	25.5783	21.69
-89.7051	19.7449	19.84
-99.1960	21.2094	22.84
-96.8096	18.1933	23.66
-115.6317	30.0670	22.92
-101.3848	26.8023	23.10
-89.4535	19.1422	20.38
-104.4348	22.9013	21.83
-94.3241	15.3105	21.30
-104.7403	26.0813	22.62
-100.0499	17.1771	22.22
-112.2958	25.2918	21.98
-89.2041	18.5394	20.06
-100.1732	18.9019	21.80
-112.0470	25.3079	21.78
-100.3373	18.6144	22.02
-104.2641	22.1199	22.64
-99.3099	21.8208	23.84
-88.4565	19.9294	20.76
-103.9538	22.1182	22.22
-88.5427	19.0635	21.18
-87.8761	19.5849	21.00
-91.3686	18.1277	20.16
-100.8367	26.2023	21.84
-89.7313	19.4560	20.78
-103.6969	19.1402	22.87
-101.1997	18.3269	23.64
-99.6274	23.5543	22.77
-115.3497	29.8638	23.90
-88.3691	20.7961	19.70
-89.4801	18.8535	20.56
-88.3103	21.3741	20.46
-101.4872	17.1771	23.14
-98.0715	21.8184	22.01
-99.1875	17.1771	22.92
-106.3538	23.7241	23.91
-88.6190	21.4015	21.50
-98.0696	22.1075	21.69
-104.0743	18.3269	21.32
-99.1875	16.3147	23.36
-100.6722	27.2192	21.22
-90.6821	16.2318	24.32
-112.3138	25.5180	23.16
-88.5141	19.3520	21.90
-91.7454	18.0474	20.86
-103.3301	22.4021	23.65
-88.4275	20.2183	20.22
-88.8740	18.8018	21.24
-115.5827	29.6182	23.16
-88.3398	21.0851	20.60
-89.6789	20.0339	20.94
-101.2440	20.9535	23.78
-104.9084	18.7968	22.14
-102.3496	18.6144	24.84
-96.2683	18.5785	24.40
-98.6825	25.2893	23.52
-93.9109	17.3109	23.62
-91.0668	18.1059	21.12
-104.4218	25.7914	24.22
-101.0864	25.7580	22.98
-89.7574	19.1672	22.00
-100.3072	25.7859	23.48
-88.0017	21.3461	21.00
-98.0490	24.9976	23.62
-87.5717	19.5561	21.30
-92.3491	18.0876	23.12
-87.5100	20.1332	21.32
-88.0319	21.0572	20.92
-91.8311	16.8939	23.32
-98.3631	25.5772	24.36
-100.9122	18.9019	24.68
-101.1080	26.0154	23.22
-99.4749	16.8896	22.82
-99.5824	26.5255	23.74
-96.5072	18.1852	26.00
-113.1584	26.5974	23.64
-91.8523	16.6059	23.96
-112.8880	26.3888	24.56
-101.3004	27.4362	23.54
-88.1512	19.9018	22.16
-87.1728	20.3923	21.94
-114.8116	29.6804	25.84
-99.3204	26.0784	24.44
-91.0437	18.3946	21.44
-101.4872	16.8896	20.66
-102.8298	25.7012	24.96
-91.3236	18.7052	21.94
-92.6707	17.8180	25.30
-90.2151	20.9502	23.68
-99.3197	25.8672	25.00
-91.6487	18.4375	21.92
-103.7869	18.6144	23.42
-88.1215	20.1905	22.26
-87.7548	20.7398	22.60
-91.2776	16.2761	25.02
-99.3039	25.7305	23.96
-99.4749	16.3147	22.10
-91.2553	16.5639	25.06
-106.3182	24.0529	24.99
-89.8092	18.5898	22.94
-103.8004	24.0538	24.50
-87.7853	20.4509	22.26
-91.3462	18.4164	22.18
-92.6313	18.3956	24.00
-87.6933	21.3175	22.86
-98.3785	22.3981	24.88
-89.7833	18.8785	22.56
-89.5329	18.2765	22.76
-90.9798	16.2543	26.12
-103.1454	25.7807	24.31
-90.3157	19.7934	22.78
-98.9001	25.3516	25.20
-89.9847	20.0585	22.80
-90.9569	16.5420	26.24
-115.0452	29.4355	26.84
-101.1997	17.1771	26.16
-114.7886	29.4558	26.76
-90.0104	19.7695	23.60
-92.0472	18.0678	24.20
-99.0003	25.5786	26.04
-87.4790	20.4219	23.28
-90.7413	18.3722	23.14
-100.0499	17.7520	26.64
-90.3406	19.5043	24.74
-105.0601	25.7925	27.01
-90.4391	18.3492	23.86
-89.5066	18.5649	24.22
-89.9072	20.9261	25.18
-101.1997	16.8896	23.96
-88.0619	20.7682	23.66
-88.0918	20.4794	23.90
-103.7869	18.3269	25.78
-99.4749	16.6022	26.22
-89.9590	20.3476	24.40
-101.7746	17.1771	25.62
-99.7624	16.6022	24.64
-90.2656	20.3717	23.86
-100.6248	18.9019	26.58
-100.0499	16.6022	24.64
-90.6454	19.5276	25.06
-99.1875	16.8896	26.76
-92.5092	15.7821	28.10
-92.0219	15.8817	26.44
-90.6936	18.9497	25.76
-99.1875	16.6022	29.16
-114.0917	27.8973	28.22
-92.2122	15.7628	26.74
-105.2240	19.2880	28.88
-90.2404	20.6609	26.82
-97.7260	25.5731	29.76
-91.5537	16.5852	29.14
-99.0003	25.2896	29.75
-90.4146	18.6378	27.78
-90.3901	18.9265	30.88
-90.3654	19.2154	30.48
-92.6510	18.1067	32.58
-90.6695	19.2386	31.22
-90.2907	20.0825	31.74