data
10
x
y
FP
Zt
Zo
Zb
Zt_err
Zo_err
Zb_err
misfit
1080.533	2338.754	3.1	0.34	11.68	23.03	0.16	0.49	1.96	0.2121
1130.533	2338.754	2.8	0.43	10.37	20.31	0.15	0.35	1.4	0.2074
1180.533	2338.754	3.1	0.33	9.12	17.92	0.16	0.57	2.28	0.2294
1230.533	2338.754	3	2.67	9.04	15.41	0.15	0.22	0.91	0.1869
1280.533	2338.754	3.3	1.36	7.25	13.15	0.21	0.68	2.74	0.2601
1080.533	2288.754	1.8	1.3	7.97	14.65	0.32	1.23	4.92	0.3306
1130.533	2288.754	2.5	0.83	7.35	13.86	0.16	0.63	2.54	0.209
1180.533	2288.754	3.2	0.41	8.53	16.65	0.17	0.74	2.96	0.2319
1230.533	2288.754	3.6	0.33	7.51	14.69	0.14	0.49	1.96	0.193
1280.533	2288.754	3	1.76	8.39	15.03	0.18	0.39	1.56	0.207
1130.533	2238.754	2.9	0.39	7	13.6	0.14	0.41	1.65	0.1881
1180.533	2238.754	3	0.36	7.52	14.67	0.15	0.66	2.63	0.2173
1230.533	2238.754	3.2	0.44	10.83	21.21	0.19	0.76	3.07	0.2553
1180.533	2188.754	2.6	0.79	7.44	14.1	0.18	0.7	2.79	0.2201
1230.533	2188.754	3.4	0.33	10.17	20.02	0.22	0.8	3.22	0.244
1180.533	2138.754	3.1	0.42	11.84	23.25	0.19	0.49	1.96	0.2243
1230.533	2138.754	2.8	0.4	18.14	35.87	0.38	0.48	1.97	0.3773
1180.533	2088.754	3.2	0.34	13.03	25.72	0.22	0.42	1.69	0.2523
1230.533	2088.754	2.9	0.44	11.79	23.15	0.2	0.43	1.72	0.2411
1180.533	2038.754	3.2	0.45	9.16	17.86	0.26	0.86	3.46	0.3082
1230.533	2038.754	2.9	0.41	9.81	19.22	0.26	0.84	3.39	0.3065
1280.533	2038.754	3.5	0.41	11.83	23.25	0.21	0.53	2.14	0.2587
1180.533	1988.754	4	0.37	6.85	13.34	0.19	0.22	0.91	0.2322
1230.533	1988.754	3.5	0.35	11.55	22.74	0.35	0.44	1.79	0.3635
1280.533	1988.754	3.3	0.44	15.02	29.59	0.29	0.33	1.36	0.2987
1330.533	1988.754	3.3	0.36	14.29	28.21	0.26	0.63	2.53	0.2834
1230.533	1938.754	3.9	0.44	8.79	17.14	0.15	0.25	1.02	0.1875
1280.533	1938.754	3.5	0.34	10.3	20.26	0.23	0.44	1.79	0.2522
1330.533	1938.754	3.6	0.36	8.24	16.11	0.15	0.29	1.17	0.1821
1230.533	1888.754	2.5	3.48	9.46	15.45	0.15	0.49	1.95	0.2191
1280.533	1888.754	3.9	0.83	7.06	13.29	0.17	0.44	1.76	0.2252
1330.533	1888.754	2.9	1.45	7.74	14.02	0.13	0.15	0.62	0.194
1380.533	1888.754	3.4	0.38	8.85	17.33	0.11	0.22	0.89	0.1758
1230.533	1838.754	2.5	3.12	9.37	15.62	0.15	0.51	2.05	0.2057
1280.533	1838.754	4	0.99	10.56	20.13	0.13	0.33	1.35	0.1831
1330.533	1838.754	3.7	0.35	10.3	20.24	0.19	0.22	0.89	0.199
1380.533	1838.754	2.8	0.46	10.84	21.23	0.22	0.49	1.96	0.2328
1430.533	1838.754	2.9	0.44	11.4	22.35	0.3	1.01	4.07	0.3158
1230.533	1788.754	3.5	0.41	8.91	17.42	0.11	0.22	0.89	0.1624
1280.533	1788.754	3.5	0.37	9.68	18.99	0.16	0.31	1.24	0.1444
1330.533	1788.754	4	0.33	8.8	17.26	0.16	0.41	1.64	0.1635
1380.533	1788.754	3.4	0.38	8.62	16.86	0.12	0.22	0.9	0.177
1430.533	1788.754	3.4	0.34	9.35	18.36	0.19	0.81	3.24	0.2324
1280.533	1738.754	2.8	0.97	9.86	18.75	0.21	0.34	1.39	0.1702
1330.533	1738.754	4	0.39	8.39	16.4	0.16	0.19	0.79	0.1869
1380.533	1738.754	4	0.46	7.72	14.98	0.11	0.36	1.46	0.185
1430.533	1738.754	3.5	0.39	9.13	17.87	0.21	0.87	3.5	0.2488
1480.533	1738.754	3.4	0.41	10.46	20.5	0.16	0.55	2.22	0.203
1330.533	1688.754	4	0.39	8.66	16.92	0.13	0.31	1.23	0.1621
1380.533	1688.754	4	1.2	12.5	23.79	0.23	0.62	2.5	0.2614
1430.533	1688.754	3.8	0.36	11.3	22.25	0.33	1.27	5.08	0.3406
1480.533	1688.754	3.7	0.31	8.92	17.53	0.17	0.71	2.84	0.2173
1380.533	1638.754	3.6	0.44	14.19	27.94	0.27	0.63	2.54	0.2936
1430.533	1638.754	4	0.94	12.77	24.61	0.2	0.63	2.54	0.2406
1480.533	1638.754	3	1.23	8.48	15.73	0.17	0.48	1.94	0.2043
1530.533	1638.754	3.2	0.51	7.76	15.02	0.2	0.65	2.6	0.2277
1380.533	1588.754	3.3	0.37	9.45	18.52	0.17	0.6	2.39	0.2156
1430.533	1588.754	4	1.08	9.94	18.79	0.14	0.2	0.82	0.1936
1480.533	1588.754	4	0.72	7.68	14.63	0.14	0.33	1.34	0.2012
1530.533	1588.754	3.6	0.41	7.58	14.75	0.23	0.65	2.6	0.2833
1430.533	1538.754	3.9	0.77	8.03	15.28	0.15	0.25	1.01	0.1703
1480.533	1538.754	4	1.28	7.21	13.14	0.17	0.52	2.09	0.2476
1530.533	1538.754	3.7	0.42	9.81	19.2	0.13	0.6	2.39	0.2006
1580.533	1538.754	3.6	0.35	9.65	18.96	0.2	0.84	3.36	0.2416
1430.533	1488.754	3	1.43	8.55	15.66	0.14	0.23	0.93	0.1616
1480.533	1488.754	3.9	0.36	7.23	14.09	0.13	0.35	1.41	0.168
1530.533	1488.754	4	1.14	11.17	21.21	0.16	0.56	2.26	0.2034
1580.533	1488.754	3.4	0.76	8.93	17.1	0.24	0.76	3.07	0.2514
1480.533	1438.754	3.4	0.35	8.05	15.75	0.18	0.22	0.9	0.1669
1530.533	1438.754	3.8	0.87	6.79	12.71	0.14	0.33	1.33	0.2115
1580.533	1438.754	4	0.57	9.19	17.81	0.17	0.34	1.38	0.1756
1630.533	1438.754	4	0.39	7.36	14.32	0.16	0.53	2.14	0.1991
1530.533	1388.754	3.7	0.42	8.65	16.88	0.14	0.2	0.83	0.1683
1580.533	1388.754	4	0.66	8.73	16.79	0.11	0.44	1.78	0.172
1630.533	1388.754	2.3	2.61	8.34	14.08	0.17	0.56	2.24	0.2453
1680.533	1388.754	3.2	0.37	8.49	16.6	0.19	0.79	3.19	0.2263
1630.533	1338.754	3.5	0.37	8.51	16.66	0.13	0.4	1.62	0.1638
1680.533	1338.754	1.9	1.8	8.77	15.73	0.16	0.61	2.45	0.1955
1730.533	1338.754	3.1	0.41	9.25	18.09	0.2	0.66	2.65	0.2179
1332.452	2149.676	3.2	1.24	3.82	6.4	0.11	0.55	2.21	0.1967
1402.452	2149.676	3.4	0.82	3.45	6.07	0.12	0.07	0.32	0.0964
1332.452	2079.676	3.9	0.47	5.19	9.91	0.17	0.36	1.43	0.1878
1402.452	2079.676	3.5	1.57	5.6	9.62	0.17	0.27	1.09	0.1982
1402.452	2009.676	4	0.9	4.84	8.78	0.11	0.56	2.25	0.1931
1402.452	1939.676	3.6	0.32	7.08	13.84	0.13	0.25	1.03	0.2322
1472.452	1939.676	3.5	1.17	5.84	10.51	0.2	0.31	1.25	0.1829
1472.452	1869.676	2.3	1.37	4.38	7.38	0.12	0.2	0.79	0.3649
1472.452	1799.676	2	2.84	5.38	7.92	0.11	0.52	2.09	0.184
1542.452	1799.676	3.9	1.14	2.17	3.2	0.15	0.02	0.17	0.3581
1542.452	1729.676	2.6	2.21	3.2	4.19	0.04	0.44	1.77	0.1773
1612.452	1729.676	4	2.21	4.5	6.79	0.09	0.12	0.48	0.0979
1542.452	1659.676	1.4	3.22	9.94	16.66	0.23	0.15	0.64	0.2359
1612.452	1659.676	4	1.61	4.71	7.8	0.18	0.37	1.5	0.1821
1682.452	1659.676	4	2.69	8.29	13.89	0.16	0.23	0.93	0.2062
1612.452	1589.676	4	0.52	4.4	8.28	0.15	0.1	0.44	0.1555
1682.452	1589.676	4	2.17	6.78	11.4	0.2	0.33	1.35	0.2375
1612.452	1519.676	3.6	0.88	3.72	6.56	0.2	0.35	1.43	0.2763
1682.452	1519.676	3.9	1.9	6.2	10.51	0.08	0.23	0.91	0.1199
1752.452	1519.676	4	0.91	7.13	13.35	0.11	0.21	0.83	0.4257
1682.452	1449.676	4	0.89	7.89	14.89	0.13	0.13	0.55	0.2568
1752.452	1449.676	3.7	1.4	8.03	14.67	0.1	0.11	0.45	0.194
1822.452	1449.676	2.7	2.38	5.36	8.34	0.07	0.19	0.77	0.3247
1682.452	1379.676	3.5	0.36	6.5	12.63	0.13	0.29	1.17	0.2835
1752.452	1379.676	3.7	1.5	3.48	5.47	0.15	0.25	1	0.2016
1822.452	1379.676	3.6	0.82	3.82	6.83	0.08	0.09	0.36	0.3267
1892.452	1379.676	4	2	5.05	8.1	0.12	0.32	1.27	0.1285
1752.452	1309.676	4	0.84	4.57	8.31	0.17	0.03	0.22	0.1581
1822.452	1309.676	2.8	1.42	3.7	5.98	0.15	0.05	0.26	0.1053
1892.452	1309.676	3.5	1.87	4.59	7.32	0.11	0.48	1.92	0.1887
1962.452	1309.676	4	1.07	5.5	9.93	0.12	0.39	1.58	0.2856
1822.452	1239.676	3.6	1.36	3.46	5.56	0.11	0.53	2.12	0.1759
1892.452	1239.676	3.9	0.66	3.53	6.4	0.12	0.18	0.73	0.1302
1962.452	1239.676	3.8	1.03	5.3	9.57	0.12	0.1	0.41	0.1856
2032.452	1239.676	3.4	2.05	5.07	8.08	0.09	0.27	1.08	0.2437
1884.904	2230.44	2.1	0.32	12.93	25.55	0.12	0.21	0.83	0.2465
1964.904	2230.44	1.5	3.42	8.69	13.96	0.23	0.62	2.51	0.3281
2044.904	2230.44	3	3.04	11.13	19.22	0.16	0.09	0.38	0.1562
2124.904	2230.44	3	1.55	8.35	15.16	0.16	0.37	1.5	0.1311
1884.904	2150.44	2.9	0.38	17.26	34.14	0.15	0.89	3.57	0.3757
1964.904	2150.44	3	0.79	13.79	26.78	0.22	0.55	2.21	0.2512
2044.904	2150.44	3	1.76	11.46	21.17	0.21	0.84	3.38	0.2377
2124.904	2150.44	3	3.37	18.25	33.13	0.09	0.42	1.67	0.2886
2204.904	2150.44	3	4.24	12.59	20.95	0.25	0.37	1.49	0.1804
1964.904	2070.44	1.4	2.99	8.18	13.37	0.22	0.34	1.38	0.2042
2044.904	2070.44	2.8	1.57	10.97	20.37	0.13	0.43	1.74	0.1653
2124.904	2070.44	3	0.68	8.01	15.35	0.28	0.55	2.23	0.2068
2204.904	2070.44	3	0.38	14.61	28.83	0.22	0.67	2.69	0.2858
2284.904	2070.44	3	1.12	11.57	22.02	0.19	0.28	1.12	0.2449
1964.904	1990.44	3	0.95	12.85	24.76	0.19	0.54	2.16	0.2775
2044.904	1990.44	2.8	0.4	12.64	24.87	0.15	0.47	1.9	0.3109
2124.904	1990.44	3	0.75	14.44	28.13	0.16	0.28	1.11	0.2842
2204.904	1990.44	3	1.07	16.22	31.37	0.14	0.44	1.76	0.2398
2284.904	1990.44	3	1.16	10.15	19.14	0.14	0.48	1.93	0.1514
2364.904	1990.44	3	2.48	17.19	31.91	0.24	0.12	0.54	0.2946
2044.904	1910.44	1.6	2.6	7.89	13.17	0.16	0.21	0.85	0.2633
2124.904	1910.44	3	1.28	12.24	23.2	0.24	0.31	1.25	0.2523
2204.904	1910.44	3	2.02	19.02	36.01	0.13	0.79	3.17	0.3521
2284.904	1910.44	3	1.59	11.14	20.69	0.27	0.26	1.06	0.3247
2364.904	1910.44	3	2.22	13.42	24.63	0.24	0.44	1.76	0.2445
2124.904	1830.44	2.6	0.36	8.11	15.87	0.15	0.4	1.62	0.1883
2204.904	1830.44	3	1.55	12.97	24.39	0.18	0.47	1.9	0.1891
2284.904	1830.44	3	1.26	13.62	25.99	0.24	0.51	2.06	0.3678
2364.904	1830.44	3	0.91	10.28	19.65	0.1	0.4	1.62	0.1341
2204.904	1750.44	2.9	1.76	11.39	21.02	0.1	0.36	1.45	0.1447
2364.904	1750.44	3	2.11	13.65	25.18	0.17	0.51	2.05	0.1852
2284.904	1670.44	2.9	0.36	8.58	16.79	0.28	0.19	0.82	0.2403
538.078	2344.306	2	2.6	6.58	10.56	0.19	0.25	0.54	0.141
618.078	2344.306	2.2	3.82	7.14	10.45	0.08	0	0.08	0.3205
698.078	2344.306	2.2	4.38	7.98	11.59	0.18	0.71	1.44	0.2346
778.078	2344.306	4	1.11	4.45	7.8	0.23	0.25	0.56	0.1552
858.078	2344.306	3.8	0.39	2.32	4.25	0.16	0.09	0.25	0.2314
938.078	2344.306	2.8	0.35	5.69	11.02	0.11	0.27	0.55	0.2181
538.078	2264.306	2.3	3.64	11.69	19.73	0.23	0.36	0.75	0.1869
618.078	2264.306	2.7	4.2	7.23	10.26	0.12	0.27	0.55	0.109
698.078	2264.306	3	2.64	6.93	11.22	0.26	0.52	1.07	0.2111
778.078	2264.306	3.2	2.4	5.19	7.97	0.15	0.11	0.27	0.1138
858.078	2264.306	2.7	1.71	9.38	17.05	0.21	0.52	1.06	0.2286
938.078	2264.306	2.5	0.39	8.7	17	0.11	0.59	1.19	0.1998
1018.078	2264.306	2	1.5	5.04	8.57	0.09	0.25	0.5	0.0837
538.078	2184.306	2.6	2.87	6.37	9.87	0.2	0.64	1.29	0.2014
618.078	2184.306	3	2.91	6.89	10.88	0.26	0.31	0.68	0.1725
698.078	2184.306	2.9	3.48	7.74	12	0.18	0.25	0.53	0.1261
778.078	2184.306	1.6	4.03	8.63	13.23	0.15	0.43	0.87	0.2525
858.078	2184.306	2.8	3.1	6.01	8.93	0.13	0.25	0.52	0.1116
938.078	2184.306	4	0.9	4.22	7.54	0.22	0.12	0.32	0.1353
1018.078	2184.306	3.1	1.89	6.94	12	0.14	0.26	0.55	0.1153
538.078	2104.306	4	2.24	4.52	6.79	0.28	0.47	0.98	0.2082
618.078	2104.306	2	3.47	7.69	11.92	0.11	0.44	0.88	0.1664
698.078	2104.306	3.8	1.85	5.64	9.44	0.14	0.4	0.8	0.1538
778.078	2104.306	1.7	4.96	9.5	14.03	0.17	0.24	0.52	0.1229
858.078	2104.306	4	2.62	4.56	6.49	0.17	0.64	1.28	0.2443
938.078	2104.306	3	1.95	10.74	19.54	0.15	0.24	0.5	0.1812
1018.078	2104.306	1	5	8.76	12.52	0.17	0.65	1.31	0.2423
1098.078	2104.306	3.5	0.41	4.72	9.04	0.09	0.53	1.06	0.2123
538.078	2024.306	3.6	1.73	6	10.27	0.13	0.2	0.42	0.1242
618.078	2024.306	3.6	0.34	6.9	13.47	0.1	0.18	0.37	0.2195
698.078	2024.306	3.5	2.73	6.7	10.67	0.09	0.38	0.76	0.1659
778.078	2024.306	1.3	5.53	11.82	18.1	0.18	0.6	1.21	0.2067
858.078	2024.306	3.5	1.51	4.79	8.08	0.17	0.39	0.8	0.1503
938.078	2024.306	1	4.99	11.85	18.7	0.17	0.25	0.54	0.1884
1018.078	2024.306	3.5	0.83	7.36	13.88	0.32	0.12	0.4	0.1906
1098.078	2024.306	3.1	1.06	6.95	12.83	0.16	0.51	1.04	0.1784
538.078	1944.306	4	0.52	7.97	15.41	0.16	0.39	0.79	0.1667
618.078	1944.306	3	2.74	6.91	11.08	0.1	0.09	0.2	0.0692
698.078	1944.306	1.7	6.03	9.3	12.57	0.13	0.44	0.89	0.1437
778.078	1944.306	2.9	2.78	8.11	13.44	0.24	0.57	1.17	0.1838
858.078	1944.306	2.3	3.57	12.79	22.01	0.1	0.62	1.25	0.2668
938.078	1944.306	2.9	2.14	6.36	10.59	0.13	0.2	0.41	0.1626
1018.078	1944.306	3.3	0.41	5.36	10.31	0.13	0.3	0.62	0.135
1098.078	1944.306	3.2	1.26	6.05	10.85	0.11	0.42	0.84	0.1523
538.078	1864.306	2.9	3.16	7.69	12.22	0.14	0.38	0.77	0.2828
618.078	1864.306	1.9	5.31	15.99	26.66	0.08	0.21	0.42	0.2244
698.078	1864.306	1	7.45	11.23	15.01	0.17	0.38	0.79	0.1531
778.078	1864.306	3.7	1.18	9.97	18.75	0.17	0.29	0.6	0.1674
858.078	1864.306	3.5	3.47	6.48	9.49	0.22	0.37	0.76	0.1543
938.078	1864.306	3.5	0.31	6.23	12.14	0.28	0.46	0.96	0.2075
1018.078	1864.306	3.5	1.16	5.48	9.79	0.12	0.17	0.35	0.1201
1098.078	1864.306	4	1.09	3.38	5.67	0.13	0.35	0.72	0.1428
538.078	1784.306	1.3	6.74	11.12	15.5	0.1	0.19	0.39	0.1345
618.078	1784.306	4	2.5	10.5	18.49	0.15	0.33	0.69	0.256
698.078	1784.306	2.5	6.78	11.09	15.4	0.08	0.07	0.15	0.1304
778.078	1784.306	4	0.93	4.79	8.65	0.21	0.19	0.44	0.2624
858.078	1784.306	3.4	2.71	7.24	11.77	0.17	0.21	0.46	0.1103
938.078	1784.306	2.4	3.39	7.7	12.02	0.2	0.16	0.37	0.1744
1018.078	1784.306	4	1.14	7.49	13.84	0.18	0.21	0.45	0.1908
1098.078	1784.306	4	0.55	5.55	10.55	0.13	0.02	0.14	0.0892
698.078	1704.306	2.4	5.66	8.85	12.03	0.12	0.12	0.27	0.1421
778.078	1704.306	3	3.73	12.83	21.94	0.12	0.27	0.56	0.177
858.078	1704.306	2.6	4.89	9.79	14.69	0.21	0.24	0.52	0.1421
938.078	1704.306	3.4	3.08	7.31	11.54	0.18	0.32	0.67	0.2511
1018.078	1704.306	3.7	1.14	5.6	10.06	0.09	0.25	0.5	0.1523
1098.078	1704.306	4	0.69	5.76	10.83	0.24	0.32	0.69	0.1513
1178.078	1704.306	2.7	1.95	6.13	10.31	0.22	0.23	0.52	0.1335
938.078	1624.306	3.5	4.88	10.31	15.73	0.15	0.28	0.57	0.1594
1018.078	1624.306	2.1	4.82	8.99	13.16	0.2	0.15	0.36	0.1194
1098.078	1624.306	3.1	2.88	7.33	11.78	0.18	0.17	0.38	0.1684
1178.078	1624.306	2.4	3.31	6.85	10.39	0.13	0.24	0.5	0.1013
1258.078	1624.306	2.9	0.99	6.11	11.23	0.17	0.25	0.52	0.136
938.078	1544.306	4	3.45	7.49	11.52	0.18	0.29	0.6	0.1445
1018.078	1544.306	3.2	4.26	8.62	12.98	0.27	0.31	0.68	0.1674
1098.078	1544.306	3	2.83	9.22	15.61	0.2	0.14	0.35	0.1569
1178.078	1544.306	3.9	0.35	7.5	14.66	0.18	0.32	0.67	0.1456
1258.078	1544.306	3.5	1.72	4.76	7.79	0.18	0.61	1.23	0.193
938.078	1464.306	4	1.63	7.3	12.97	0.12	0.27	0.55	0.1211
1018.078	1464.306	2.8	3.59	8.12	12.66	0.08	0.14	0.3	0.2323
1098.078	1464.306	3.4	2.87	7.07	11.27	0.14	0.08	0.22	0.109
1178.078	1464.306	3.8	1.1	5.61	10.12	0.16	0.33	0.67	0.1294
1258.078	1464.306	3.4	1.67	3.69	5.7	0.23	0.29	0.62	0.1566
1338.078	1464.306	3.6	1.07	4.83	8.58	0.09	0.29	0.59	0.0959
938.078	1384.306	2.8	3.36	8.54	13.72	0.11	0.06	0.17	0.1348
1018.078	1384.306	3.6	3.19	10.32	17.44	0.12	0.43	0.87	0.1922
1098.078	1384.306	4	1.68	7.12	12.56	0.16	0.55	1.12	0.2158
1178.078	1384.306	2.9	2.39	6.64	10.89	0.22	0.4	0.84	0.2837
1258.078	1384.306	3.1	1.49	5.53	9.56	0.18	0.48	0.97	0.2273
1338.078	1384.306	3.4	0.4	7.51	14.61	0.29	0.1	0.34	0.1745
1418.078	1384.306	3	0.38	11.75	23.12	0.11	0.72	1.45	0.3295
938.078	1304.306	3.9	2.84	6.14	9.45	0.28	0.2	0.49	0.1599
1018.078	1304.306	4	2.32	6.67	11.01	0.12	0.08	0.2	0.1091
1098.078	1304.306	4	2.99	6.98	10.96	0.24	0.6	1.21	0.2176
1178.078	1304.306	2.7	3.43	7.06	10.69	0.14	0.54	1.1	0.1781
1258.078	1304.306	4	1.69	3.91	6.12	0.08	0.58	1.16	0.2052
1338.078	1304.306	3.9	0.32	4.06	7.79	0.19	0.41	0.84	0.2123
1418.078	1304.306	4	0.96	3.52	6.08	0.16	0.16	0.35	0.1914
1498.078	1304.306	2.4	0.31	14.59	28.87	0.16	0.3	0.62	0.3843
1578.078	1304.306	4	0.83	7.72	14.6	0.29	0.43	0.91	0.2125
938.078	1224.306	4	2.18	10.04	17.9	0.21	0.44	0.91	0.2209
1018.078	1224.306	4	1.28	10.3	19.33	0.15	0.16	0.35	0.2504
1098.078	1224.306	3.1	4.26	8.41	12.55	0.24	0.27	0.59	0.1446
1178.078	1224.306	4	0.83	7.88	14.94	0.13	0.22	0.46	0.2622
1258.078	1224.306	2.7	1.7	5.95	10.19	0.15	0.16	0.36	0.2425
1338.078	1224.306	3.3	0.58	3.65	6.73	0.07	0.64	1.27	0.1805
1418.078	1224.306	2.6	1.12	9.74	18.37	0.21	0.29	0.63	0.1974
1498.078	1224.306	2.8	0.4	5	9.59	0.22	0.33	0.7	0.2173
1578.078	1224.306	1.1	0.37	13.54	26.71	0.16	0.76	1.53	0.4427
938.078	1144.306	4	2.54	8.59	14.64	0.18	0.42	0.87	0.3152
1018.078	1144.306	4	3.25	10.86	18.46	0.13	0.32	0.65	0.2247
1098.078	1144.306	4	1.82	6.23	10.63	0.18	0.63	1.27	0.3343
1178.078	1144.306	4	1.15	9.81	18.46	0.18	0.37	0.76	0.23
1258.078	1144.306	3.8	1.58	5.85	10.11	0.14	0.22	0.46	0.1556
1338.078	1144.306	4	3.03	3.57	4.11	0.19	0.42	0.86	0.2568
1418.078	1144.306	4	1.6	7.4	13.2	0.25	0.48	1	0.201
1498.078	1144.306	3.2	0.67	4.37	8.07	0.26	0.21	0.49	0.1756
1578.078	1144.306	3.1	0.37	11.57	22.77	0.11	0.65	1.3	0.2655
938.078	1064.306	2.4	5.49	9.36	13.23	0.22	0.51	1.04	0.2294
1018.078	1064.306	2.7	4.59	8.21	11.82	0.15	0.42	0.85	0.1589
1098.078	1064.306	3.7	2.35	6.36	10.38	0.13	0.19	0.41	0.2248
1178.078	1064.306	4	2.31	5.3	8.3	0.1	0.56	1.12	0.1647
1258.078	1064.306	4	1.63	6.43	11.23	0.09	0.21	0.43	0.0962
1338.078	1064.306	3.9	0.36	4.41	8.47	0.19	0.21	0.45	0.1486
1418.078	1064.306	3.7	1.74	5.73	9.72	0.13	0.18	0.37	0.0919
1498.078	1064.306	3.3	1.52	5.65	9.78	0.12	0.36	0.72	0.1856
1578.078	1064.306	3.1	3.16	7.87	12.59	0.16	0.29	0.61	0.1264
1018.078	984.306	2.8	2.55	6.79	11.04	0.18	0.31	0.65	0.2096
1178.078	984.306	4	2.68	8.16	13.63	0.19	0.36	0.74	0.1528
1258.078	984.306	4	1.96	6.22	10.48	0.15	0.23	0.49	0.1504
1338.078	984.306	4	2.23	8.59	14.94	0.37	0.22	0.57	0.2047
1418.078	984.306	4	0.78	5.68	10.59	0.11	0.44	0.88	0.1427
1498.078	984.306	1.5	4.84	8.35	11.86	0.13	0.68	1.36	0.2275
1669.514	1196.995	3.4	1.3	4.11	6.92	0.12	0.45	1.82	0.2139
1749.514	1196.995	1.6	3.15	8.51	13.88	0.1	0.06	0.25	0.1159
1829.514	1196.995	3.5	0.66	3.63	6.61	0.14	0.33	1.32	0.185
1909.514	1196.995	3.7	0.74	5.27	9.79	0.12	0.11	0.47	0.1195
1989.514	1196.995	3.1	1.7	4.82	7.93	0.12	0.08	0.34	0.2199
2069.514	1196.995	4	0.63	6.46	12.29	0.15	0.24	0.97	0.1628
1669.514	1116.995	3.8	0.65	5.65	10.64	0.15	0.04	0.21	0.1745
1749.514	1116.995	3.2	1.6	4.43	7.25	0.11	0.25	1.03	0.141
1829.514	1116.995	4	0.38	3.38	6.38	0.17	0.51	2.06	0.2022
1909.514	1116.995	3.4	1.75	6.13	10.51	0.18	0.16	0.65	0.1473
1989.514	1116.995	3.6	1.1	4.22	7.35	0.11	0.09	0.36	0.1219
2069.514	1116.995	4	1.63	5.69	9.75	0.13	0.29	1.18	0.1542
1669.514	1036.995	3.1	1.49	4.98	8.47	0.15	0.32	1.3	0.1546
1749.514	1036.995	3.1	1.35	4.27	7.19	0.15	0.1	0.43	0.2188
1829.514	1036.995	1.7	3.52	6.47	9.43	0.2	0.25	1.04	0.2781
1909.514	1036.995	1.2	3.44	6.58	9.72	0.17	0.17	0.68	0.1864
1989.514	1036.995	2.7	1.52	4.63	7.74	0.15	0.05	0.26	0.1769
2069.514	1036.995	4	1.76	5.98	10.2	0.11	0.53	2.14	0.2124
1669.514	956.995	2.9	2.57	5.82	9.06	0.13	0.15	0.62	0.1433
1749.514	956.995	3.7	1.19	4.42	7.66	0.12	0.15	0.61	0.1421
1829.514	956.995	3.3	1.69	3.3	4.92	0.15	0.72	2.88	0.2598
1909.514	956.995	2.9	1.83	5.1	8.38	0.18	0.28	1.15	0.211
1989.514	956.995	2.6	2.08	5.64	9.2	0.13	0.25	1.03	0.1374
2069.514	956.995	3.7	1.16	4.17	7.19	0.15	0.13	0.55	0.2555
1669.514	876.995	3.2	2.39	5.55	8.71	0.12	0.15	0.62	0.2052
1749.514	876.995	4	1.62	4.18	6.75	0.09	0.33	1.33	0.132
1829.514	876.995	3.1	2.56	5.4	8.24	0.14	0.27	1.1	0.172
1909.514	876.995	2.5	3.47	6.48	9.5	0.14	0.27	1.1	0.2041
1989.514	876.995	2.4	2.98	6.47	9.96	0.1	0.24	0.97	0.1376
2069.514	876.995	4	1.54	5.74	9.95	0.08	0.35	1.41	0.1263
1669.514	796.995	3.6	2.24	4.61	6.99	0.12	0.25	1.01	0.1325
1749.514	796.995	3.4	1.99	5.2	8.42	0.12	0.13	0.54	0.2204
1829.514	796.995	3.1	1.36	4.58	7.8	0.14	0.39	1.57	0.1666
1909.514	796.995	1.7	3.5	7.82	12.13	0.16	0.29	1.16	0.2199
1989.514	796.995	3.7	1.73	5.08	8.42	0.11	0.13	0.54	0.1197
2069.514	796.995	2.2	3.12	6.11	9.09	0.14	0.22	0.89	0.1303
1669.514	716.995	3	3.41	6.19	8.97	0.15	0.2	0.82	0.139
1749.514	716.995	4	1.48	4.72	7.96	0.09	0.54	2.16	0.2374
1829.514	716.995	3.4	1.86	4.45	7.04	0.09	0.56	2.25	0.1985
1909.514	716.995	3.3	2.02	4.9	7.77	0.18	0.51	2.03	0.2691
1989.514	716.995	2.1	3.53	6.31	9.1	0.21	0.43	1.74	0.2304
2069.514	716.995	2.9	1.82	6.38	10.95	0.17	0.25	1.02	0.1496
1669.514	636.995	4	1.59	7.68	13.77	0.07	0.29	1.15	0.2131
1749.514	636.995	2.6	3.29	5.58	7.87	0.18	0.47	1.89	0.2027
1829.514	636.995	4	1.85	6.78	11.7	0.13	0.52	2.08	0.1935
1909.514	636.995	3.4	1.12	3.99	6.86	0.22	0.29	1.17	0.296
1989.514	636.995	3.3	1.69	4.12	6.55	0.16	0.37	1.48	0.1685
2069.514	636.995	4	1.36	7.67	13.97	0.14	0.46	1.85	0.217
1669.514	556.995	4	1.03	5.11	9.19	0.14	0.27	1.09	0.2145
1749.514	556.995	3.8	2.74	5.99	9.24	0.15	0.35	1.4	0.2228
1829.514	556.995	3.6	2.46	5.49	8.53	0.11	0.19	0.77	0.1642
1909.514	556.995	4	1.25	5.06	8.87	0.12	0.28	1.15	0.1407
1989.514	556.995	3.6	1.27	6.56	11.85	0.18	0.19	0.78	0.1459
2069.514	556.995	4	0.56	3.83	7.11	0.13	0.16	0.64	0.2376
1669.514	476.995	4	1.42	5.62	9.83	0.13	0.34	1.35	0.1424
1749.514	476.995	3.3	2.8	7.71	12.62	0.15	0.05	0.24	0.2121
1829.514	476.995	3.1	2.97	6.55	10.13	0.15	0.26	1.03	0.1681
1909.514	476.995	3.8	1.79	4.76	7.72	0.12	0.13	0.52	0.1656
1989.514	476.995	3.9	1.74	4.45	7.15	0.16	0.3	1.22	0.1595
2069.514	476.995	1.5	4	8.79	13.57	0.12	0.31	1.25	0.1603
1669.514	396.995	4	1.21	7.43	13.65	0.16	0.35	1.42	0.2415
1749.514	396.995	4	1.69	5.06	8.43	0.13	0.14	0.57	0.1185
1829.514	396.995	1.8	4.33	7.34	10.36	0.23	0.15	0.66	0.2858
1909.514	396.995	2.1	4.71	7.46	10.21	0.15	0.35	1.41	0.1845
1989.514	396.995	2.7	3.8	6.52	9.24	0.16	0.48	1.91	0.1915
2069.514	396.995	3.4	1.57	5.45	9.32	0.16	0.04	0.23	0.2663
2161.9	786.525	3.7	1.19	6.66	12.12	0.1	0.15	0.62	0.1154
2161.9	706.525	2.6	2.49	9.08	15.68	0.13	0.35	1.42	0.164
2241.9	706.525	4	0.52	7.97	15.41	0.09	0.99	3.97	0.2648
2321.9	706.525	4	0.54	9.63	18.72	0.11	0.43	1.71	0.1922
2161.9	626.525	3.2	2.38	7.91	13.44	0.12	0.34	1.35	0.1421
2241.9	626.525	2.9	1.38	4.92	8.46	0.13	0.31	1.26	0.2249
2321.9	626.525	4	1.49	7.54	13.6	0.18	0.4	1.61	0.1883
2401.9	626.525	4	0.95	6.72	12.49	0.14	0.55	2.21	0.1863
2481.9	626.525	4	1.38	7.42	13.46	0.12	0.68	2.73	0.2247
2161.9	546.525	3.2	2.03	8.46	14.9	0.12	0.46	1.86	0.1681
2241.9	546.525	2.7	2.77	11	19.24	0.12	0.22	0.9	0.1778
2321.9	546.525	2.5	1.39	8.22	15.06	0.12	0.83	3.32	0.2391
2401.9	546.525	3.4	1.82	5.28	8.73	0.14	0.18	0.74	0.2234
2481.9	546.525	4	1.71	5.22	8.72	0.18	0.28	1.12	0.2518
2561.9	546.525	4	1.46	11.67	21.88	0.09	1.01	4.03	0.2979
2641.9	546.525	3.8	0.35	8.13	15.91	0.12	0.68	2.74	0.2432
2161.9	466.525	3.7	2.42	5.06	7.69	0.17	0.48	1.93	0.1894
2241.9	466.525	3.5	2.44	5.97	9.49	0.1	0.19	0.78	0.1883
2321.9	466.525	2.5	3.79	7.37	10.94	0.1	0.19	0.75	0.2641
2401.9	466.525	3.6	3.2	6.43	9.65	0.18	0.36	1.45	0.1795
2481.9	466.525	4	1.89	8.96	16.03	0.2	0.12	0.51	0.2906
2561.9	466.525	3.2	1.69	8.42	15.15	0.18	0.38	1.55	0.1855
2641.9	466.525	3.9	1.88	4.79	7.7	0.11	0.4	1.59	0.1419
2721.9	466.525	3.5	1.02	8.35	15.67	0.11	0.69	2.75	0.2171
2801.9	466.525	2.9	0.33	13.72	27.11	0.13	0.27	1.08	0.4599
2161.9	386.525	4	0.99	5.25	9.5	0.1	0.18	0.71	0.1989
2241.9	386.525	2.2	2.78	6.18	9.58	0.1	0.31	1.24	0.2687
2321.9	386.525	3.1	2.72	5.68	8.64	0.18	0.4	1.6	0.2312
2401.9	386.525	3.7	2.37	4.84	7.31	0.12	0.03	0.18	0.1108
2481.9	386.525	4	2.03	8.12	14.21	0.1	0.23	0.91	0.1453
2641.9	386.525	2.6	3.2	6.42	9.64	0.17	0.21	0.88	0.1585
2721.9	386.525	3	2.22	5.42	8.62	0.14	0.55	2.21	0.1942
2801.9	386.525	2.4	3.58	11.34	19.1	0.17	0.57	2.29	0.2348
2881.9	386.525	2.7	2.73	5.49	8.24	0.23	0.45	1.82	0.2228
2961.9	386.525	4	1.02	6.15	11.29	0.14	0.23	0.92	0.1515
3041.9	386.525	4	0.37	9.41	18.45	0.12	0.88	3.54	0.2639
3121.9	386.525	4	0.59	6.77	12.96	0.13	0.4	1.61	0.1811
3201.9	386.525	4	1	7.93	14.86	0.17	0.51	2.04	0.2384
3281.9	386.525	4	1.46	10.2	18.94	0.13	0.26	1.04	0.4589
3361.9	386.525	4	1.65	16.11	30.57	0.16	0.51	2.05	0.5058
3441.9	386.525	4	1.65	15.83	30.01	0.18	0.37	1.51	0.5
2161.9	306.525	2.5	3.09	6.51	9.94	0.16	0.2	0.82	0.1719
2241.9	306.525	2.6	1.71	5.04	8.38	0.14	0.49	1.96	0.2811
2321.9	306.525	2.2	3.35	8.97	14.58	0.12	0.15	0.61	0.1197
2401.9	306.525	3.1	3.24	6.76	10.28	0.15	0.12	0.5	0.1265
2481.9	306.525	2.8	3.47	6.48	9.5	0.13	0.4	1.59	0.146
2641.9	306.525	4	1.6	6.98	12.36	0.06	0.24	0.96	0.1178
2721.9	306.525	3.8	1.03	5.17	9.31	0.1	0.03	0.15	0.1013
2801.9	306.525	2.6	4.19	7.43	10.67	0.2	0.3	1.21	0.1991
2881.9	306.525	3.2	3.52	8.24	12.95	0.2	0.34	1.36	0.1889
2961.9	306.525	3.1	2.55	9.76	16.97	0.11	0.26	1.03	0.1574
3041.9	306.525	4	1.81	6.13	10.44	0.21	0.45	1.81	0.2397
3121.9	306.525	2.8	1.91	7.74	13.57	0.22	0.03	0.25	0.2257
3201.9	306.525	3	2.61	7	11.39	0.1	0.28	1.12	0.1239
3281.9	306.525	3.5	1.48	7.09	12.7	0.13	0.49	1.98	0.1788
3361.9	306.525	4	2.04	7.55	13.07	0.16	0.06	0.3	0.2837
3441.9	306.525	4	0.91	9.07	17.23	0.23	0.18	0.74	0.4349
3521.9	306.525	4	1.47	16.05	30.64	0.09	0.62	2.5	0.3489
2161.9	226.525	2.9	2.95	6.36	9.76	0.15	0.12	0.52	0.1611
2241.9	226.525	3.6	1.6	3.35	5.09	0.1	0.64	2.54	0.1956
2321.9	226.525	1.5	3.51	10.38	17.26	0.13	0.41	1.65	0.1699
2401.9	226.525	3.5	1.57	6.06	10.54	0.2	0.21	0.85	0.2196
2481.9	226.525	4	2.44	8.94	15.44	0.1	0.14	0.57	0.2519
2561.9	226.525	3	3.38	6.56	9.74	0.15	0.42	1.68	0.1962
2641.9	226.525	3.8	1.98	5.06	8.15	0.09	0.29	1.17	0.1033
2721.9	226.525	3	2.59	6.09	9.58	0.11	0.33	1.31	0.1531
2801.9	226.525	3.2	3.18	6.58	9.97	0.17	0.15	0.63	0.2285
2881.9	226.525	4	2.75	4.56	6.36	0.14	0	0.14	0.2358
2961.9	226.525	3.6	1.71	5.15	8.59	0.11	0.18	0.71	0.1696
3041.9	226.525	3.7	3.44	11.08	18.72	0.18	0.12	0.5	0.1694
3121.9	226.525	4	2.56	6.03	9.49	0.09	0.07	0.29	0.1942
3201.9	226.525	4	1.4	12.37	23.34	0.12	0.55	2.21	0.3853
3281.9	226.525	4	1.24	6.63	12.03	0.1	0.23	0.93	0.1102
3361.9	226.525	2.9	2.16	5.62	9.08	0.12	0.22	0.9	0.3375
3441.9	226.525	4	1.01	10.89	20.77	0.16	0.41	1.65	0.3246
3521.9	226.525	4	1.3	10	18.7	0.19	0.65	2.61	0.3561
2161.9	146.525	2.2	4.31	10.19	16.06	0.19	0.14	0.59	0.1735
2241.9	146.525	2.6	0.36	10.37	20.37	0.09	0.26	1.04	0.2178
2321.9	146.525	2.8	1.97	6.56	11.14	0.12	0.09	0.39	0.1072
2401.9	146.525	3.5	2.14	5.2	8.27	0.15	0.4	1.61	0.1639
2481.9	146.525	3.8	1.55	6.73	11.91	0.1	0.07	0.3	0.1346
2561.9	146.525	3.8	1.3	4.78	8.26	0.19	0.14	0.58	0.1529
2641.9	146.525	2.9	2.68	6.14	9.61	0.09	0.15	0.6	0.0869
2721.9	146.525	1.9	3.79	7.15	10.51	0.15	0.4	1.6	0.1841
2801.9	146.525	3.4	2.81	8.39	13.98	0.1	0.26	1.05	0.1274
2881.9	146.525	4	1.24	4.98	8.72	0.09	0.25	1.01	0.3037
2961.9	146.525	3.7	2.73	6.04	9.35	0.14	0.4	1.62	0.2033
3041.9	146.525	4	1.27	5	8.73	0.14	0.28	1.12	0.1269
3121.9	146.525	4	2.18	8.77	15.36	0.1	0.42	1.66	0.1601
3201.9	146.525	4	2.04	6.89	11.75	0.19	0.12	0.5	0.2558
3281.9	146.525	3.7	2.74	6.28	9.82	0.1	0.15	0.63	0.2573
3361.9	146.525	4	1.86	6.82	11.77	0.15	0.08	0.37	0.1941
3441.9	146.525	4	2.22	5.32	8.42	0.14	0.81	3.25	0.2687
3521.9	146.525	3.6	2.5	7.61	12.72	0.21	0.36	1.44	0.1911
2161.9	66.525	3.9	2.51	5.49	8.47	0.11	0.23	0.93	0.1092
2241.9	66.525	2.4	0.34	8.2	16.06	0.15	0.14	0.58	0.2133
2321.9	66.525	2.3	2.4	7.73	13.06	0.07	0.39	1.55	0.1295
2401.9	66.525	3.5	1.58	5.32	9.06	0.08	0.23	0.93	0.0928
2481.9	66.525	1	3.87	12.44	21	0.1	0.5	2.02	0.2249
2561.9	66.525	4	0.89	3.91	6.94	0.13	0.42	1.68	0.1576
2641.9	66.525	2.4	2.87	6.2	9.54	0.12	0.41	1.64	0.2097
2721.9	66.525	4	1.43	13.07	24.7	0.19	0.34	1.39	0.3574
2801.9	66.525	4	1	8.29	15.57	0.25	0.27	1.12	0.2207
2881.9	66.525	2.8	2.69	6.16	9.63	0.17	0.11	0.48	0.1798
2961.9	66.525	3.2	2.53	6.07	9.6	0.1	0.12	0.49	0.0913
3361.9	66.525	4	2.87	6.97	11.07	0.1	0.24	0.98	0.0994
3441.9	66.525	4	2.99	10.48	17.97	0.19	0.22	0.92	0.1955
3521.9	66.525	4	1.43	8.87	16.31	0.09	0.27	1.07	0.3082
3930.305	1146.484	3.5	3.72	15.86	28	0.2	0.36	1.44	0.2242
4010.305	1146.484	3.5	2.14	10.7	19.25	0.21	0.65	2.62	0.2312
4090.305	1146.484	2.3	3.67	11.66	19.66	0.17	0.46	1.83	0.1882
3770.305	1066.484	1.3	4.01	13.42	22.84	0.31	0.49	1.98	0.2171
3850.305	1066.484	3	0.4	8.29	16.18	0.14	0.56	2.26	0.2012
3930.305	1066.484	3.5	3.77	19.03	34.3	0.36	0.89	3.58	0.3443
4010.305	1066.484	3.5	2.63	14.5	26.37	0.31	1.04	4.15	0.3002
4090.305	1066.484	3.5	2.21	12.33	22.46	0.3	0.67	2.7	0.2936
3770.305	986.484	3.5	2.72	17.56	32.39	0.31	0.53	2.13	0.2894
3850.305	986.484	3.5	2.78	12.52	22.27	0.23	0.9	3.62	0.2516
3930.305	986.484	3.5	4.42	14.44	24.46	0.16	0.28	1.13	0.2129
4010.305	986.484	3.5	4.25	13.99	23.74	0.12	0.48	1.92	0.1895
3690.305	906.484	3.5	6.54	17.65	28.76	0.41	0.27	1.14	0.3723
3770.305	906.484	3.5	5.57	15.99	26.41	0.23	0.15	0.63	0.2447
3850.305	906.484	3.4	4.27	12.52	20.77	0.14	0.31	1.24	0.1681
3930.305	906.484	2.9	4.95	13	21.06	0.19	0.33	1.32	0.1796
4010.305	906.484	3.2	2.21	11.6	21	0.2	0.37	1.5	0.179
3050.305	826.484	3	2.63	12.16	21.7	0.23	0.28	1.14	0.16
3690.305	826.484	3.5	7.86	23.89	39.93	0.49	0.44	1.81	0.4271
3770.305	826.484	3.5	6.26	16.48	26.71	0.33	0.35	1.43	0.3249
3850.305	826.484	3.5	5.03	15.91	26.79	0.28	0.2	0.86	0.1965
3930.305	826.484	2.6	5.19	13.77	22.35	0.21	0.3	1.23	0.1809
3050.305	746.484	3.5	0.51	11.71	22.91	0.25	0.92	3.71	0.2658
3130.305	746.484	3.5	2.86	12.03	21.2	0.18	0.49	1.95	0.188
3210.305	746.484	3.5	0.8	9.36	17.92	0.2	0.25	1.02	0.2009
3530.305	746.484	3.5	5.56	18.24	30.93	0.41	0.28	1.19	0.3166
3610.305	746.484	2.4	7.83	14.99	22.16	0.21	0.15	0.62	0.2211
3690.305	746.484	3.5	5.62	14.07	22.52	0.11	0.4	1.61	0.1687
3770.305	746.484	3.5	4.59	19.2	33.8	0.32	0.2	0.87	0.3032
3850.305	746.484	3.5	5.12	14.54	23.96	0.18	0.42	1.68	0.1998
3130.305	666.484	3.5	0.75	10.12	19.49	0.15	0.64	2.57	0.2112
3210.305	666.484	3.5	1.67	14.48	27.28	0.22	0.54	2.17	0.2449
3290.305	666.484	3.5	2.6	11.33	20.07	0.23	0.24	0.99	0.2489
3370.305	666.484	3.5	2.79	19.73	36.67	0.45	0.55	2.25	0.3853
3450.305	666.484	1.5	5.26	12.21	19.15	0.16	0.28	1.14	0.2044
3530.305	666.484	3.4	4.09	11.29	18.48	0.29	0.43	1.73	0.2585
3610.305	666.484	3.5	3.65	14.83	26.01	0.25	0.9	3.62	0.2797
3290.305	586.484	3.5	2.28	12.94	23.59	0.16	0.26	1.04	0.2031
3370.305	586.484	3.5	2.17	11.99	21.81	0.15	0.4	1.61	0.1852
3450.305	586.484	1	7.11	13.48	19.86	0.32	0.31	1.3	0.3272
3530.305	586.484	3.5	1.05	10.4	19.74	0.18	0.39	1.57	0.2272
3610.305	586.484	3.5	3.18	19.82	36.46	0.54	0.39	1.64	0.4509
3370.305	506.484	3.5	3.64	18.2	32.75	0.33	0.77	3.09	0.3211
3450.305	506.484	3.5	2.17	21.63	41.1	0.54	0.53	2.18	0.4594
3530.305	506.484	3.5	1.08	16.39	31.7	0.36	0.51	2.06	0.3234
3610.305	506.484	3.5	4.17	19.45	34.73	0.55	0.45	1.9	0.4764
3450.305	426.484	3.5	4.12	18.67	33.22	0.42	0.95	3.84	0.3885
3530.305	426.484	2.4	3.12	10	16.88	0.24	0.52	2.07	0.2595
2322.518	1395.885	2	3.58	9.98	16.38	0.18	0.58	1.17	0.1243
2402.518	1395.885	2	2.3	8.59	14.87	0.17	0.89	1.78	0.1243
2482.518	1395.885	2.4	1.13	8.77	16.41	0.08	1.02	2.05	0.1261
2562.518	1395.885	2	2.36	10.25	18.14	0.14	1	2	0.1216
2642.518	1395.885	1.5	3.03	11.94	20.84	0.15	1.2	2.41	0.1758
2402.518	1315.885	2.5	0.65	6.89	13.13	0.1	0.17	0.35	0.0985
2482.518	1315.885	1.5	1.71	8.51	15.32	0.09	2.04	4.09	0.1455
2562.518	1315.885	1	3.64	7.41	11.19	0.19	0.72	1.46	0.0837
2642.518	1315.885	1	3.56	9.37	15.18	0.16	1.34	2.68	0.2499
2402.518	1235.885	2	0.87	7.44	14	0.12	0.58	1.16	0.1321
2482.518	1235.885	2	0.45	8.72	16.99	0.08	0.63	1.25	0.1617
2562.518	1235.885	2	1.19	8.73	16.27	0.36	0.6	1.25	0.2061
2642.518	1235.885	1.5	4.38	9.99	15.61	0.23	0.62	1.26	0.1845
2402.518	1155.885	2	0.61	7.21	13.82	0.09	0.24	0.48	0.2254
2482.518	1155.885	2.5	0.63	8.39	16.14	0.05	1.15	2.31	0.1481
2562.518	1155.885	3	0.17	8.42	16.68	0.08	0.88	1.77	0.1439
2642.518	1155.885	2	0.47	9.12	17.78	0.08	1.18	2.36	0.1692
2402.518	1075.885	1.5	1.1	8.29	15.47	0.09	0.97	1.94	0.1823
2482.518	1075.885	2.8	0.59	7.94	15.3	0.14	0.76	1.52	0.1563
2562.518	1075.885	2.5	0.52	7.31	14.11	0.09	1.11	2.22	0.22
2642.518	1075.885	2.5	0.25	10.51	20.76	0.16	1.23	2.47	0.1348
2153.714	1708.454	3	0.55	8.06	15.57	0.21	0.89	1.8	0.1378
2194.098	1637.379	3	0.36	10.47	20.58	0.08	0.06	0.14	0.0922
2226.405	1563.073	2.7	0.4	9.06	17.72	0.14	1.04	2.08	0.1559
2279.711	1605.072	2.5	0.69	8.53	16.38	0.12	1.32	2.64	0.1365
2900.901	712.771	3	0.33	11.4	22.47	0.21	0.72	1.46	0.3357
2970.901	712.771	2.5	0.79	11.24	21.69	0.06	0.2	0.41	0.2115
3040.901	712.771	3	0.32	10.36	20.39	0.09	0.97	1.94	0.1459
2900.901	642.771	2.5	0.84	10.67	20.49	0.12	2.31	4.61	0.1265
2970.901	642.771	2	2.16	12.09	22.02	0.2	2	4	0.0791
3040.901	642.771	3	0.23	12.65	25.07	0.07	1.36	2.72	0.0941
2690.901	572.771	3	0.31	13.31	26.3	0.1	0.95	1.91	0.1389
2760.901	572.771	3	0.42	10.52	20.62	0.06	0.5	0.99	0.1775
2830.901	572.771	3	0.36	10.36	20.36	0.06	0.65	1.3	0.1554
2900.901	572.771	3	0.34	10	19.66	0.04	0.37	0.74	0.1137
2970.901	572.771	3	0.44	9.03	17.62	0.04	0.51	1.02	0.1162
3040.901	572.771	3	0.19	10.4	20.6	0.11	1.77	3.55	0.0924
2900.901	502.771	3	0.59	9.64	18.68	0.08	1.66	3.31	0.1014
2970.901	502.771	3	0.35	8.91	17.47	0.06	0.99	1.97	0.1162
3040.901	502.771	3	0.35	9.19	18.03	0.08	1.14	2.28	0.1022
3110.901	432.771	3	0.53	9.48	18.43	0.09	0.11	0.23	0.0992
2336.929	1927.704	3.3	1.5	11.67	21.83	0.16	0.19	0.41	0.0932
2434.159	1929.544	3.7	1.02	13.25	25.48	0.27	0.15	0.4	0.1095
2531.457	1931.233	3.2	2.36	11.97	21.58	0.26	0.65	1.32	0.1128
2628.797	1932.769	2.2	5.65	11.84	18.04	0.33	0.64	2.6	0.1082
2338.82	1831.088	2.4	2.56	9.77	16.98	0.25	0.17	0.42	0.1431
2435.904	1832.85	2.9	0.98	9.91	18.84	0.16	0.3	0.62	0.1861
2533.054	1834.484	2.5	4.24	13.33	22.41	0.33	0.2	0.51	0.1155
2630.246	1835.991	2.6	4.62	11.74	18.85	0.45	0.35	0.83	0.1543
2340.622	1734.613	1.7	3.44	11.28	19.11	0.35	1.4	2.82	0.1334
2437.584	1736.298	2.6	3.72	12.09	20.46	0.76	0.63	1.48	0.1448
2534.61	1737.88	2.9	4.11	10.63	17.14	0.29	1.88	3.76	0.1127
2631.678	1739.357	3	3.28	12.94	22.61	0.3	2.15	4.31	0.1209
2342.335	1638.255	2	2.9	11.79	20.69	0.23	0.48	0.99	0.105
2439.198	1639.865	1.5	4.83	12.1	19.38	0.6	0.98	2.05	0.1678
2536.125	1641.395	2.5	3.63	11.09	18.54	0.45	0.66	1.4	0.1184
2633.092	1642.843	3.3	0.39	9.2	18.01	0.1	0.84	1.69	0.0622
2343.962	1541.991	2.4	2.44	10.98	19.53	0.3	1.81	3.62	0.1059
2440.75	1543.527	2.4	2.86	12.3	21.74	0.26	1.58	3.16	0.0939
2537.599	1545.006	2.8	1.31	10.49	19.66	0.43	1.08	2.2	0.1623
2634.489	1546.426	2.8	1.26	10.91	20.56	0.37	1.45	2.91	0.159
2345.504	1445.799	2.5	2.97	11.69	20.4	0.24	2.3	4.61	0.1049
2442.239	1447.262	2.9	1.73	10.27	18.81	0.2	1.64	3.28	0.0981
2539.034	1448.69	3	1.15	10.56	19.97	0.13	0.17	0.36	0.1021
2635.869	1450.083	2.6	1.83	12.64	23.44	0.19	1.06	2.12	0.165
2728.763	1740.729	3	2.46	11.75	21.03	0.18	1.1	2.21	0.187
2730.075	1644.209	2.7	1.11	12.4	23.68	0.08	1.35	2.71	0.0922
2731.394	1547.788	2.4	1.45	12.87	24.28	0.07	1.22	2.45	0.1035
2828.293	1549.09	3.5	2.65	12.9	23.14	0.22	0.14	0.36	0.2051
2925.161	1550.333	3.7	2.02	13.52	25.02	0.25	0.83	1.67	0.247
2732.719	1451.44	3	1.06	13.4	25.75	0.07	0.27	0.54	0.1607
2829.563	1452.76	3.2	0.8	14.25	27.71	0.07	0.18	0.36	0.1564
2926.376	1454.044	2.5	3.32	13.74	24.16	0.41	0.49	1.07	0.2134
2734.052	1355.143	3.2	0.87	13.11	25.35	0.06	0.57	1.15	0.1654
2830.863	1356.482	3	0.85	15.08	29.3	0.07	0.79	1.58	0.1486
2927.644	1357.807	3.2	1.09	13	24.91	0.09	0.35	0.7	0.1628
2735.391	1258.875	3	1.82	13.13	24.45	0.35	0.51	1.08	0.1848
2832.192	1260.232	3	0.79	14.23	27.66	0.09	1.27	2.54	0.1648
2928.963	1261.598	3	0.87	12.81	24.75	0.05	82	1.65	0.148
2736.738	1162.612	2.5	0.97	10.64	20.31	0.08	0.82	1.65	0.1658
2833.552	1163.988	3	1.01	11.14	21.27	0.08	1.02	2.05	0.1771
2930.335	1165.395	3	0.7	13.79	26.87	0.11	0.99	1.98	0.1393
2738.092	1066.333	2.5	0.61	11.01	21.42	0.08	0.96	1.92	0.1468
2834.941	1067.728	2.8	0.64	13.11	25.57	0.09	0.59	1.18	0.0931
2931.759	1069.176	3.5	0.83	12.97	25.11	0.18	0.67	1.35	0.1892
2933.236	972.917	3.2	0.61	12.73	24.84	0.18	95	1.9	0.1123
2188.462	975.446	2.6	0.52	10.61	20.71	0.12	1.44	2.89	0.1287
2188.462	905.446	2.5	0.65	9.6	19.27	0.11	1.71	3.43	0.1491
2188.462	835.446	2	1.13	13.06	25	0.13	1.06	2.13	0.2017
2258.462	835.446	2.3	1	11.28	21.57	0.09	0.23	0.46	0.1624
2398.462	835.446	2.8	0.45	6.17	11.9	0.08	0.84	1.68	0.1155
2608.462	835.446	2	1	10.53	20.06	0.13	0.69	1.4	0.145
2328.462	765.446	2.5	0.77	11.07	21.38	0.11	0.62	1.25	0.138
2398.462	765.446	2.5	0.66	10.7	20.74	0.12	0.91	1.83	0.1422
2468.462	765.446	2	1.27	11.01	20.76	0.11	1.39	2.79	0.1492
2538.462	765.446	2	0.71	9.27	17.86	0.09	1.1	2.2	0.1181
2608.462	765.446	2	0.82	10.81	20.8	0.1	0.8	1.6	0.2171
2678.462	765.446	2	0.89	10.79	20.68	0.12	1.01	2.03	0.1778
2398.462	695.446	2	1.52	11.36	21.21	0.06	1.48	2.97	0.1037
2468.462	695.446	2.5	0.63	12.76	24.88	0.08	3.64	7.29	0.1541
2538.462	695.446	2	0.79	10.22	19.64	0.09	1.23	2.45	0.1419
2608.462	695.446	2.2	0.69	11.26	21.82	0.12	1.16	2.33	0.187
2678.462	695.446	2	2.5	11.7	20.9	0.27	0.27	3.4	6.8004
2748.462	695.446	2.5	1.83	11.8	21.77	0.53	1.45	2.95	0.2192
2818.462	695.446	2	3.58	13.28	22.98	0.31	2.18	4.38	0.2113
2608.462	625.446	2.5	0.61	12.39	24.16	0.11	1.21	2.43	0.1392
2678.462	625.446	2	1.32	10.26	19.21	0.13	2.04	4.09	0.3259
2748.462	625.446	2	0.87	12.69	24.52	0.16	1.85	3.71	0.2543
2818.462	625.446	2	1.18	11.07	20.96	0.15	2.02	4.05	0.222
2684.674	983.54	2	0.79	7.49	14.19	0.12	0.77	1.54	0.1147
2734.674	983.54	2	0.86	6.45	12.03	0.06	0.68	1.36	0.0839
2684.674	933.54	1.5	1.03	7.93	14.83	0.08	0.09	0.2	0.1155
2734.674	933.54	1.5	0.84	9.93	19.03	0.07	1.62	3.25	0.1559
2784.674	933.54	2	0.66	6.23	11.79	0.09	0.65	1.3	0.1288
2834.674	933.54	2.5	0.4	6.11	11.83	0.08	1.02	2.05	0.1418
2684.674	883.54	2	0.71	6.11	11.5	0.1	0.36	0.74	0.111
2734.674	883.54	2	0.81	6.08	11.36	0.08	0.53	1.06	0.1654
2784.674	883.54	2	0.64	9.01	17.37	0.07	0.53	1.07	0.1393
2834.674	883.54	2.5	0.4	7.74	15.07	0.1	0.72	1.44	0.1388
2884.674	883.54	3.2	0.66	6.26	11.87	0.11	0.21	0.43	0.0682
2684.674	833.54	2.5	0.69	5.2	9.71	0.08	0.46	0.92	0.152
2734.674	833.54	2	0.94	8.13	15.32	0.11	1.7	3.4	0.163
2784.674	833.54	2.5	0.57	5.64	10.71	0.1	0.97	1.95	0.1639
2834.674	833.54	2.5	0.63	4.8	8.97	0.11	0.36	0.74	0.2116
2884.674	833.54	2.5	0.64	6.62	12.91	0.15	0.16	0.36	0.2352
2734.674	783.54	2.5	0.73	5.35	9.97	0.12	1.69	3.39	0.1545
2784.674	783.54	2.5	0.62	7.96	15.29	0.14	1.44	2.88	0.1981
2834.674	783.54	2.5	0.72	7.96	15.98	0.13	0.79	1.58	0.2585
2884.674	783.54	2.5	0.83	4.73	8.62	0.17	0.16	0.36	0.2934
2184.674	1033.54	2.7	0.37	6.93	13.5	0.14	0.44	1.77	0.1807
2234.674	1033.54	2.5	0.35	7.26	14.16	0.12	0.36	1.45	0.1571
2284.674	1033.54	3.2	0.34	5.43	10.52	0.15	0.17	0.7	0.1302
2384.674	1033.54	3	0.38	3.75	7.13	0.19	0.51	2.04	0.1988
2434.674	1033.54	2.5	1.29	5.18	9.08	0.09	0.19	0.77	0.1282
2484.674	1033.54	3	0.34	8.82	17.31	0.2	0.26	1.05	0.2267
2534.674	1033.54	4	0.48	8.79	17.11	0.15	0.62	2.5	0.2361
2234.674	983.54	2.3	0.34	11.39	22.43	0.2	0.35	1.42	0.2884
2284.674	983.54	2.3	0.34	6.81	13.27	0.16	0.32	1.3	0.1734
2334.674	983.54	2.3	0.65	3.99	7.33	0.16	0.45	1.82	0.1713
2384.674	983.54	2.2	0.72	3.88	7.04	0.16	0.52	2.07	0.2158
2434.674	983.54	1.7	0.99	5.32	9.65	0.16	0.25	1.03	0.1384
2484.674	983.54	2.7	0.36	7.46	14.55	0.14	0.43	1.72	0.1968
2534.674	983.54	3.5	0.33	3.89	7.44	0.07	0.25	0.98	0.1193
2584.674	983.54	3.7	0.37	8.67	16.97	0.16	0.77	3.09	0.2685
2634.674	983.54	2.2	0.34	10.02	19.69	0.15	0.95	3.82	0.3125
2284.674	933.54	2.7	0.35	4.73	9.11	0.13	0.21	0.86	0.144
2334.674	933.54	1.9	1.22	4.62	8.01	0.11	0.21	0.86	0.1106
2384.674	933.54	2	0.31	5.03	9.75	0.15	0.23	0.92	0.1337
2434.674	933.54	2.3	0.39	5.17	9.96	0.12	0.03	0.16	0.1932
2484.674	933.54	2.7	0.37	9.15	17.92	0.16	1	3.98	0.3271
2534.674	933.54	2.6	0.37	6.48	12.59	0.15	0.17	0.71	0.205
2584.674	933.54	1.4	1.22	9.81	18.4	0.19	0.55	2.2	0.2495
2634.674	933.54	2.7	1.16	4.34	7.52	0.15	0.43	1.73	0.1595
2284.674	883.54	2.5	0.35	9.23	18.1	0.22	0.22	0.9	0.424
2334.674	883.54	3	0.39	5.39	10.39	0.1	0.34	1.36	0.1278
2384.674	883.54	2.3	0.31	6.75	13.19	0.13	0.34	1.36	0.1589
2434.674	883.54	1.3	0.97	8.06	15.15	0.16	0.26	1.06	0.1705
2484.674	883.54	2	0.79	4.45	8.11	0.22	0.29	1.18	0.1733
2534.674	883.54	1.7	0.35	5.19	10.03	0.18	0.38	1.52	0.1588
2584.674	883.54	1.5	0.97	7.7	14.43	0.18	0.35	1.4	0.1887
2634.674	883.54	2.3	1.03	7.68	14.33	0.16	0.32	1.3	0.1731
2984.674	883.54	2.8	0.96	4.43	7.9	0.12	0.14	0.56	0.1089
3034.674	883.54	4	0.46	5.62	10.77	0.21	0.21	0.85	0.1866
2334.674	833.54	3.1	0.73	4.19	7.66	0.16	0.13	0.55	0.1865
2484.674	833.54	2.1	0.76	6.3	11.83	0.18	0.35	1.42	0.1698
2534.674	833.54	1.8	0.39	9.35	18.31	0.22	0.55	2.19	0.2601
2584.674	833.54	2.4	0.93	4.88	8.82	0.19	0.15	0.62	0.1511
2934.674	833.54	3.1	1.43	5.22	9	0.17	0.06	0.28	0.1447
2984.674	833.54	3.3	1.05	4.62	8.18	0.21	0.14	0.59	0.1825
3034.674	833.54	4	0.51	4.47	8.42	0.08	0.45	1.79	0.1461
2534.674	783.54	2.3	0.38	5.31	10.24	0.13	0.21	0.87	0.196
2934.674	783.54	1.9	0.31	13.67	27.04	0.14	0.42	1.69	0.4064
2984.674	783.54	3.2	0.32	4.93	9.54	0.15	0.62	2.48	0.1956
3034.674	783.54	2.8	0.31	8.62	16.93	0.25	0.58	2.32	0.3167
1361.151	2275.182	3.2	0.68	7.58	14.49	0.13	0.37	1.5	0.1777
1441.151	2275.182	3.5	0.76	7.29	13.81	0.1	0.17	0.71	0.126
1441.151	2195.182	3	0.36	6.13	11.9	0.14	0.4	1.62	0.166
1521.151	2195.182	3.3	0.59	4.29	8	0.14	0.11	0.48	0.1919
1601.151	2195.182	1.8	1.29	4.81	8.33	0.11	0.24	0.96	0.2155
1681.151	2195.182	3	0.97	4.16	7.36	0.09	0.25	1.01	0.1048
1761.151	2195.182	2.4	2.53	6.02	9.51	0.09	0.23	0.93	0.1219
1841.151	2195.182	2.6	1.33	7.45	13.56	0.14	0.36	1.44	0.1607
1441.151	2115.182	3.4	0.98	4.55	8.13	0.09	0.25	1.02	0.1641
1521.151	2115.182	3.3	0.7	3.7	6.7	0.12	0.41	1.63	0.1469
1601.151	2115.182	3.5	0.73	6.44	12.16	0.09	0.24	0.98	0.114
1681.151	2115.182	3.5	0.48	2.57	4.67	0.08	0.3	1.21	0.1258
1761.151	2115.182	3.4	0.38	3.47	6.56	0.11	0.48	1.93	0.1544
1841.151	2115.182	3.3	0.37	5.37	10.38	0.12	0.21	0.85	0.1408
1521.151	2035.182	2.7	1.04	7.21	13.38	0.13	0.36	1.45	0.1526
1601.151	2035.182	2.7	1.04	7.52	13.99	0.17	0.24	0.99	0.1742
1681.151	2035.182	3	0.63	4.14	7.65	0.11	0.2	0.8	0.1385
1761.151	2035.182	2.6	1.2	4.57	7.94	0.07	0.28	1.11	0.1015
1841.151	2035.182	2.8	0.72	4.01	7.3	0.11	0.22	0.88	0.1336
1521.151	1955.182	3	0.48	6.2	11.92	0.11	0.36	1.44	0.1809
1601.151	1955.182	2.4	1.19	4.47	7.74	0.1	0.25	0.99	0.1993
1681.151	1955.182	2.9	0.83	4.41	8	0.1	0.13	0.54	0.1466
1761.151	1955.182	2.8	0.86	6.62	12.37	0.09	0.72	2.89	0.2119
1841.151	1955.182	2.6	0.73	4.28	7.83	0.13	0.25	0.99	0.1594
1921.151	1955.182	3.2	0.47	3.9	7.33	0.11	0.26	1.05	0.1205
1601.151	1875.182	3.4	0.32	7.88	15.44	0.1	0.25	1	0.172
1681.151	1875.182	2.8	0.74	4.17	7.6	0.14	0.44	1.76	0.1839
1761.151	1875.182	3.5	0.39	4.25	8.12	0.1	0.35	1.41	0.1322
1841.151	1875.182	3	0.32	8.11	15.91	0.13	0.33	1.32	0.1712
1921.151	1875.182	3.1	0.51	3.93	7.35	0.16	0.29	1.18	0.1501
2001.151	1875.182	1.3	2.36	7.91	13.46	0.05	0.23	0.91	0.1489
1681.151	1795.182	3.2	0.32	6.64	12.96	0.1	0.3	1.22	0.1351
1761.151	1795.182	2.8	0.35	7.34	14.33	0.1	0.12	0.5	0.1394
1841.151	1795.182	2.7	0.34	5.38	10.43	0.09	0.32	1.28	0.2442
1921.151	1795.182	2.9	0.66	4	7.35	0.07	0.23	0.94	0.0834
2001.151	1795.182	2.9	0.77	6.82	12.88	0.11	0.15	0.61	0.1357
1761.151	1715.182	3.1	0.32	7.11	13.9	0.1	0.2	0.79	0.1588
1841.151	1715.182	3.2	0.31	4.24	8.18	0.13	0.19	0.77	0.1841
1921.151	1715.182	3.3	0.54	3.14	5.73	0.11	0.23	0.92	0.1335
2001.151	1715.182	3.3	0.49	3.16	5.84	0.14	0.42	1.7	0.168
2081.151	1715.182	2.5	1.34	4.38	7.41	0.09	0.3	1.19	0.2087
1841.151	1635.182	3	0.37	7.98	15.6	0.1	0.34	1.36	0.1791
1921.151	1635.182	3.2	0.32	6.29	12.27	0.09	0.18	0.74	0.2462
2001.151	1635.182	2.7	0.75	4.24	7.73	0.15	0.42	1.68	0.2575
2081.151	1635.182	3.5	0.62	4.27	7.92	0.11	0.46	1.84	0.1809
1841.151	1555.182	2.6	0.35	7.09	13.82	0.09	0.25	0.99	0.193
1921.151	1555.182	3	0.31	8.28	16.25	0.1	0.2	0.8	0.2053
2001.151	1555.182	2.5	1.08	4.4	7.72	0.11	0.49	1.96	0.1972
2081.151	1555.182	2.7	1.41	4.46	7.52	0.11	0.35	1.4	0.2003
2161.151	1555.182	2.1	1.83	5.2	8.56	0.15	0.13	0.55	0.3004
1921.151	1475.182	3.3	0.34	4.12	7.9	0.11	0.42	1.67	0.2107
2001.151	1475.182	3	0.36	8.56	16.75	0.13	0.36	1.45	0.1956
2081.151	1475.182	3.5	0.53	3.46	6.4	0.11	0.54	2.17	0.1619
2161.151	1475.182	3.5	0.45	3.77	7.08	0.09	0.5	2.01	0.1449
2241.151	1475.182	2.2	0.31	9.66	19.01	0.16	0.57	2.29	0.3575
2001.151	1395.182	3.5	0.37	5.2	10.03	0.14	0.28	1.12	0.1469
2081.151	1395.182	3.5	0.5	6.49	12.48	0.12	0.73	2.93	0.2189
2161.151	1395.182	3.2	0.46	3.63	6.79	0.11	0.2	0.8	0.1142
2241.151	1395.182	2.9	0.37	4.63	8.9	0.11	0.18	0.74	0.1289
2081.151	1315.182	3.4	0.35	5.12	9.9	0.11	0.38	1.54	0.1502
2161.151	1315.182	3	0.7	3.6	6.51	0.1	0.81	3.25	0.2289
2241.151	1315.182	3.1	0.43	7.7	14.97	0.09	0.68	2.73	0.214
2321.151	1315.182	3.5	0.31	4.84	9.38	0.1	0.41	1.65	0.1532
2161.151	1235.182	2.8	0.34	7.44	14.53	0.13	0.46	1.85	0.1798
2241.151	1235.182	3.1	0.3	7.58	14.83	0.1	0.32	1.28	0.18
2321.151	1235.182	2.5	1.2	4.17	7.14	0.09	0.66	2.66	0.19
2161.151	1155.182	2.5	0.7	4.19	7.7	0.09	0.26	1.06	0.19
2241.151	1155.182	3.4	0.4	4.13	7.88	0.07	0.3	1.2	0.1
2321.151	1155.182	3.3	0.7	7.68	14.66	0.14	0.52	2.1	0.2
2241.151	1075.182	3.2	0.4	4.6	8.84	0.1	0.21	0.83	0.17
2321.151	1075.182	1.7	0.3	7.35	14.37	0.09	0.65	2.59	0.29
3110.901	642.771	3.3	0.4	14.42	28.45	0.18	0.81	3.24	0.2355
3110.901	572.771	2.7	0.42	13.56	26.69	0.15	1.12	4.47	0.2738
3180.901	572.771	3.5	0.99	17.11	33.22	0.12	0.52	2.08	0.2593
3110.901	502.771	2.7	0.41	15.79	31.16	0.25	0.47	1.89	0.3307
3180.901	502.771	3.5	0.93	13.22	25.51	0.2	0.24	0.97	0.2753
3250.901	502.771	3.5	1.28	13.29	25.31	0.27	0.54	2.16	0.3164
3320.901	502.771	3.5	2.17	18.46	34.75	0.26	0.61	2.47	0.335
1334.555	2347.455	3.5	1.2	6.51	11.82	0.11	0.37	1.49	0.1567
1434.555	2347.455	3.5	0.91	10	19.08	0.16	0.25	1.03	0.1959
1534.555	2347.455	2.6	1.37	6.7	12.02	0.16	0.33	1.31	0.1776
1634.555	2347.455	3.5	1.16	7.7	14.25	0.13	0.17	0.71	0.143
1734.555	2347.455	3.1	0.41	9.55	18.7	0.11	0.65	2.6	0.1976
1834.555	2347.455	2	1.91	8.07	14.23	0.18	0.4	1.59	0.1432
1934.555	2347.455	1.8	1.85	8.31	14.77	0.3	0.27	1.13	0.146
2034.555	2347.455	2.8	2.33	10.97	19.61	0.12	0.25	1.02	0.1301
2134.555	2347.455	3.5	0.53	8.03	15.52	0.2	0.37	1.48	0.1634
2234.555	2347.455	3.5	0.55	5.56	10.58	0.19	0.34	1.38	0.1678
2334.555	2347.455	3.5	3.62	13.27	22.92	0.2	0.16	0.66	0.2229
2934.555	2347.455	3.5	0.72	11.91	23.1	0.66	0.51	2.15	0.2225
3034.555	2347.455	3.5	3.42	15.47	27.51	0.16	0.29	1.16	0.2214
3134.555	2347.455	3.5	4.88	17.91	30.95	0.32	0.6	2.44	0.3661
3234.555	2347.455	3.5	6.03	14.88	23.74	0.25	0.6	2.4	0.2773
3334.555	2347.455	3.5	5.39	15.91	26.43	0.19	0.54	2.16	0.2255
3634.555	2347.455	3.5	2.43	14.48	26.52	0.32	0.71	2.85	0.247
3734.555	2347.455	3.5	7.45	12.92	18.4	0.35	0.29	1.2	0.3174
3834.555	2347.455	3.5	5.28	17.34	29.41	0.23	0.69	2.77	0.3141
3934.555	2347.455	3.5	0.71	17.76	34.82	0.19	0.61	2.44	0.3865
4034.555	2347.455	3.5	0.95	11.53	22.12	0.2	0.6	2.4	0.24
2234.555	2247.455	3.5	1.67	13	24.34	0.15	0.66	2.64	0.2332
2334.555	2247.455	3.5	4.56	20.09	35.62	0.2	0.5	2.02	0.3354
2934.555	2247.455	3.5	2.74	14.21	25.68	0.25	0.22	0.91	0.2131
3034.555	2247.455	2.7	7.12	14.26	21.4	0.2	0.26	1.05	0.2099
3134.555	2247.455	3.5	5.52	19.12	32.71	0.23	0.41	1.64	0.2942
3234.555	2247.455	3.2	6.98	11.84	16.71	0.51	0.33	1.41	0.4383
3334.555	2247.455	2.2	8.32	13.69	19.06	0.18	0.25	1.03	0.1813
3434.555	2247.455	3.5	6.89	12.07	17.25	0.35	0.51	2.08	0.3053
3534.555	2247.455	3.5	5.06	18.69	32.31	0.32	0.5	2.03	0.3707
3634.555	2247.455	3.2	4.01	12.57	21.13	0.32	0.36	1.46	0.2101
3734.555	2247.455	3.5	7.25	19.7	32.15	0.45	0.6	2.42	0.3692
3834.555	2247.455	3.3	7.01	12	16.99	0.47	0.31	1.32	0.3798
3934.555	2247.455	3.5	3.45	10.31	17.18	0.23	0.41	1.65	0.2051
4034.555	2247.455	3.5	3.47	11.79	20.1	0.18	0.21	0.87	0.1637
2334.555	2147.455	3.5	4.8	10.6	16.41	0.4	0.74	2.99	0.354
2934.555	2147.455	3.5	3.28	12.85	22.42	0.19	0.69	2.79	0.2537
3034.555	2147.455	3.5	5.3	11.52	17.73	0.28	0.85	3.41	0.2966
3134.555	2147.455	3.5	7.43	17.33	27.24	0.26	0.66	2.64	0.2951
3234.555	2147.455	3.5	5.59	19.75	33.92	0.39	0.48	1.96	0.4106
3334.555	2147.455	3	7.56	12.73	17.89	0.34	0.41	1.66	0.2772
3434.555	2147.455	3.5	5.34	19	32.65	0.38	0.47	1.91	0.4306
3534.555	2147.455	3.5	5.77	17.26	28.76	0.35	0.36	1.5	0.3057
3634.555	2147.455	3.5	5.9	16.2	26.51	0.23	0.3	1.24	0.2067
3734.555	2147.455	3.5	5.98	15.8	25.62	0.18	0.18	0.75	0.2005
3834.555	2147.455	3.5	6.17	12.07	17.98	0.36	0.39	1.59	0.3284
3934.555	2147.455	3.2	6.28	11.34	16.39	0.46	0.65	2.64	0.377
4034.555	2147.455	3.5	3.33	10.55	17.77	0.25	0.42	1.7	0.2006
2934.555	2047.455	3.5	3.97	11.74	19.51	0.22	0.44	1.79	0.217
3034.555	2047.455	3.5	5.31	16.97	28.62	0.31	0.49	1.97	0.3629
3134.555	2047.455	3.5	3.43	19.78	36.13	0.31	0.81	3.26	0.4648
3334.555	2047.455	3.5	5.26	18.89	32.52	0.53	0.22	1.03	0.4919
3434.555	2047.455	3.5	5.46	16.58	27.71	0.42	0.43	1.76	0.3935
3534.555	2047.455	3.5	4.61	21.98	39.36	0.18	0.41	1.64	0.3721
3634.555	2047.455	3.5	5.16	20.04	34.92	0.34	0.44	1.8	0.3251
3734.555	2047.455	3.5	4.71	16.94	29.17	0.25	0.21	0.89	0.3138
3834.555	2047.455	3.5	5.21	19.49	33.77	0.39	0.58	2.34	0.4654
3934.555	2047.455	3.5	5.32	17.32	29.32	0.3	0.31	1.28	0.3481
4034.555	2047.455	3.5	4.54	19.17	33.8	0.46	0.46	1.91	0.3985
2734.555	1947.455	3.3	2.94	10.64	18.35	0.19	0.16	0.67	0.1783
2834.555	1947.455	3.5	2.18	10.55	18.92	0.33	0.64	2.58	0.2015
2934.555	1947.455	3.5	4.46	15.02	25.58	0.26	0.54	2.17	0.3044
3034.555	1947.455	3.5	6.63	13.93	21.23	0.53	0.16	0.83	0.4367
3134.555	1947.455	3.5	4.79	19.29	33.8	0.46	0.38	1.58	0.5038
3234.555	1947.455	3.5	2.15	16.15	30.15	0.25	0.32	1.31	0.2878
3334.555	1947.455	3.5	3.57	16.36	29.16	0.2	0.15	0.64	0.2955
3434.555	1947.455	3.5	3.74	17.48	31.23	0.15	0.72	2.88	0.3418
3634.555	1947.455	3.5	2.32	14.8	27.28	0.13	0.23	0.94	0.2612
3734.555	1947.455	3.5	2.44	17.09	31.75	0.23	0.29	1.19	0.3351
3834.555	1947.455	3.5	6.82	17.35	27.88	0.59	0.31	1.36	0.4797
3934.555	1947.455	3.5	8.85	15.63	22.42	0.72	0.35	1.56	0.5213
4034.555	1947.455	3.5	8.25	19.69	31.14	0.6	0.35	1.53	0.5294
2734.555	1847.455	3.5	4.76	16.9	29.03	0.26	0.48	1.94	0.334
2834.555	1847.455	3.5	5.78	22.36	38.94	0.4	0.6	2.42	0.5012
3034.555	1847.455	3.5	4.97	20.51	36.06	0.37	0.52	2.1	0.4607
3134.555	1847.455	3.5	2.46	17.65	32.84	0.22	0.59	2.38	0.3571
3234.555	1847.455	3.5	1.43	9.39	17.34	0.14	0.23	0.95	0.1315
3334.555	1847.455	3.5	1.79	11.68	21.56	0.2	0.59	2.39	0.2003
3434.555	1847.455	3.5	3.47	8.67	13.87	0.29	0.58	2.34	0.2855
3534.555	1847.455	3.5	4.17	13.69	23.2	0.38	0.38	1.57	0.3422
3634.555	1847.455	3.5	4.24	18.52	32.8	0.31	0.3	1.23	0.3729
3734.555	1847.455	3.5	7.03	15.01	22.98	0.53	0.94	3.79	0.4556
3834.555	1847.455	3.5	7.02	17.27	27.52	0.59	0.75	3.07	0.4767
4034.555	1847.455	3.5	8.43	17.85	27.27	0.56	0.37	1.58	0.4485
2834.555	1747.455	3.5	5.29	16.96	28.62	0.36	0.34	1.4	0.3766
2934.555	1747.455	3	4.73	10.73	16.72	0.2	0.41	1.64	0.1513
3034.555	1747.455	3.5	1.04	18.89	36.75	0.14	0.64	2.55	0.4313
3134.555	1747.455	3.5	2.44	13.32	24.2	0.17	0.28	1.12	0.1971
3234.555	1747.455	3.5	1.5	13.53	25.55	0.21	0.17	0.72	0.2023
3334.555	1747.455	2.9	1.84	6.98	12.12	0.16	0.86	3.45	0.2359
3434.555	1747.455	3.3	0.44	9.53	18.61	0.22	0.77	3.1	0.2156
3534.555	1747.455	3.5	1.93	12.11	22.28	0.19	0.17	0.69	0.2281
3634.555	1747.455	3.5	3.01	13.7	24.39	0.28	0.24	1.01	0.2724
3734.555	1747.455	3.5	6.88	15.16	23.44	0.44	1.04	4.19	0.401
3834.555	1747.455	3.2	8.28	12.79	17.29	0.6	0.69	2.84	0.4806
3934.555	1747.455	2.8	9.87	14.72	19.57	0.81	0.33	1.55	0.6001
4034.555	1747.455	3.5	9.06	15.29	21.51	0.63	0.35	1.53	0.4818
2934.555	1647.455	3.5	3.96	15.78	27.6	0.41	0.38	1.59	0.4236
3034.555	1647.455	3.5	1.81	14.78	27.74	0.3	0.63	2.52	0.2318
3134.555	1647.455	3.2	0.42	12.19	23.97	0.17	0.53	2.14	0.2396
3234.555	1647.455	2.4	0.36	10.62	20.87	0.17	0.35	1.41	0.2174
3334.555	1647.455	2	0.4	17.98	35.55	0.57	0.85	3.43	0.4331
3434.555	1647.455	3.5	2.62	10.61	18.61	0.15	0.73	2.91	0.2274
3534.555	1647.455	3.5	2.84	17.56	32.28	0.31	0.36	1.48	0.3211
3634.555	1647.455	3.5	8	16.52	25.04	0.45	0.21	0.97	0.3735
3734.555	1647.455	3.5	8.21	17.91	27.61	0.51	0.21	0.97	0.4083
3834.555	1647.455	3.5	8.82	16.98	25.15	0.66	0.4	1.73	0.4922
3934.555	1647.455	3.5	9.04	18.25	27.46	0.72	0.59	2.48	0.5299
4034.555	1647.455	3.5	9.25	19.73	30.21	0.59	0.85	3.44	0.4873
1562.048	2274.239	2.8	1.48	6.98	12.47	0.11	0.26	1.05	0.145
1700.635	2279.469	2.9	1.8	11.72	21.64	0.19	0.18	0.76	0.1857
1820.919	2276.854	3	0.39	7.27	14.16	0.18	0.59	2.36	0.176
1938.587	2289.928	2.8	0.4	6.32	12.23	0.22	0.78	3.11	0.2171
2048.411	2284.698	1	6.11	10.16	14.21	0.23	0.24	1	0.2341
2147.776	2284.698	3.2	2.31	7.87	13.43	0.14	0.33	1.32	0.1644
2417.142	2318.244	3.5	2.18	11.18	20.18	0.12	0.68	2.73	0.1662
2526.176	2320.386	3.5	2.54	11.98	21.41	0.09	0.65	2.6	0.1799
2635.267	2322.216	3.5	2.15	10.82	19.49	0.17	0.71	2.83	0.1901
2744.38	2323.734	3	2.66	13.2	23.74	0.17	1.47	5.9	0.1516
2853.479	2324.939	3	1.94	11.69	21.43	0.11	0.72	2.88	0.0977
2419.41	2209.924	3.5	1.52	11.78	22.04	0.11	1.25	4.98	0.1977
2528.141	2211.992	3.5	1.89	12.1	22.3	0.06	0.83	3.31	0.1304
2636.928	2213.783	3	2.28	13.3	24.32	0.09	1.25	5.01	0.1413
2745.736	2215.298	3	2.13	11.23	20.33	0.1	0.71	2.86	0.1179
2854.53	2216.534	3	2.19	12.51	22.84	0.11	1.65	6.6	0.1008
2421.587	2101.899	3	1.95	13.01	24.06	0.16	0.9	3.62	0.1279
2530.05	2103.894	3.5	2.07	10.55	19.02	0.11	0.36	1.45	0.1081
2638.568	2105.647	3.5	1.6	11.71	21.82	0.15	1.26	5.05	0.155
2747.106	2107.158	3.5	1.63	11.1	20.57	0.11	1.05	4.2	0.1014
2855.63	2108.426	3.5	1.62	10.87	20.11	0.1	1.33	5.33	0.1003
3018.61	1546.634	4	2.54	13.64	24.74	0.14	0.35	1.41	0.1826
3118.61	1546.634	3.8	0.35	6.03	11.71	0.13	0.18	0.72	0.1257
3218.61	1546.634	3.5	0.39	10.63	20.86	0.2	0.12	0.51	0.1512
3318.61	1546.634	2.7	0.41	11.34	22.28	0.2	0.72	2.89	0.2507
3418.61	1546.634	4	0.69	10.42	20.14	0.23	0.38	1.52	0.1831
3518.61	1546.634	4	0.66	9.76	18.86	0.12	0.62	2.5	0.1744
3618.61	1546.634	3	5.71	10.75	15.79	0.32	0.23	0.96	0.3041
3718.61	1546.634	4	2.99	12.62	22.24	0.18	0.43	1.71	0.2251
3818.61	1546.634	4	3.84	11.09	18.35	0.22	0.52	2.09	0.2268
3918.61	1546.634	4	1.99	19.14	36.29	0.19	0.6	2.41	0.4005
4018.61	1546.634	4	1.89	18.71	35.53	0.1	0.48	1.91	0.3545
3018.61	1446.634	4	1.69	11.04	20.38	0.11	0.81	3.23	0.2153
3118.61	1446.634	4	2.61	9.06	15.51	0.29	0.37	1.52	0.2819
3218.61	1446.634	4	1.31	9.67	18.02	0.29	0.35	1.43	0.3116
3318.61	1446.634	4	0.51	12.77	25.03	0.19	0.57	2.3	0.2706
3418.61	1446.634	3.9	0.39	12.52	24.65	0.2	0.55	2.19	0.276
3518.61	1446.634	4	1.82	8.86	15.89	0.17	0.38	1.53	0.1492
3618.61	1446.634	4	1.94	14.11	26.29	0.21	0.43	1.75	0.2579
3718.61	1446.634	4	2.71	15.15	27.59	0.11	0.32	1.27	0.2474
3818.61	1446.634	4	3.36	12.28	21.19	0.26	0.31	1.26	0.3015
3918.61	1446.634	4	2.17	9.72	17.26	0.31	0.25	1.05	0.2984
4018.61	1446.634	4	2.81	11.01	19.21	0.24	0.28	1.14	0.2119
3018.61	1346.634	4	3.15	17.64	32.13	0.2	0.88	3.52	0.357
3118.61	1346.634	4	2.84	11.95	21.05	0.25	0.59	2.36	0.2526
3218.61	1346.634	4	0.88	11.54	22.2	0.23	0.72	2.89	0.2913
3318.61	1346.634	4	1.39	18.04	34.68	0.15	0.51	2.03	0.3173
3418.61	1346.634	4	0.44	9.57	18.7	0.25	0.44	1.77	0.2358
3518.61	1346.634	4	0.71	9.19	17.66	0.16	0.69	2.78	0.2107
3618.61	1346.634	4	1.91	11.03	20.14	0.14	0.13	0.55	0.1716
3718.61	1346.634	4	2.01	16.19	30.37	0.38	0.44	1.79	0.4532
3818.61	1346.634	4	3.67	15.05	26.43	0.13	0.36	1.43	0.2159
3918.61	1346.634	4	1.34	12.62	23.9	0.29	0.83	3.31	0.2663
4018.61	1346.634	4	2.15	9.43	16.71	0.23	0.35	1.4	0.1935
3018.61	1246.634	4	1.95	11.48	21.01	0.13	0.85	3.41	0.2459
3118.61	1246.634	4	2.66	15.69	28.72	0.23	0.83	3.32	0.3617
3218.61	1246.634	4	3.06	15.69	28.31	0.22	0.32	1.3	0.3316
3318.61	1246.634	4	2.75	16.09	29.42	0.23	0.62	2.5	0.3191
3418.61	1246.634	3.5	0.31	11.91	23.52	0.1	0.83	3.31	0.2418
3518.61	1246.634	2.9	0.33	17.63	34.94	0.15	1.03	4.11	0.404
3618.61	1246.634	3.8	2.28	6.72	11.16	0.23	0.11	0.51	0.218
3718.61	1246.634	4	0.65	9.81	18.97	0.15	0.25	1	0.1616
3818.61	1246.634	4	0.47	15.66	30.85	0.41	0.21	0.92	0.3142
3918.61	1246.634	4	1.25	15	28.75	0.25	0.25	1.03	0.3236
4018.61	1246.634	2.9	4.16	9.35	14.54	0.24	0.38	1.54	0.2386
3018.61	1146.634	4	2.06	17.99	33.92	0.18	0.29	1.16	0.3426
3118.61	1146.634	4	0.52	10.65	20.78	0.18	0.66	2.64	0.2346
3218.61	1146.634	4	1	9.48	17.96	0.32	0.11	0.55	0.3048
3318.61	1146.634	4	3.42	10.45	17.48	0.28	0.76	3.07	0.2736
3418.61	1146.634	4	0.85	13.76	26.67	0.17	0.3	1.23	0.2312
3518.61	1146.634	4	2.5	12.74	22.97	0.13	0.32	1.28	0.1456
3618.61	1146.634	3.9	2.12	7.55	12.98	0.14	0.16	0.67	0.1316
3718.61	1146.634	2.9	1.48	15.16	28.84	0.16	0.3	1.2	0.2398
3018.61	1046.634	4	1.37	11.07	20.77	0.13	0.52	2.08	0.1813
3118.61	1046.634	3.6	1.22	7.11	13	0.33	0.6	2.4	0.2295
3218.61	1046.634	4	3.19	17.1	31.01	0.23	0.3	1.23	0.3356
3318.61	1046.634	3.8	0.32	15.68	31.03	0.18	1.1	4.39	0.3772
3418.61	1046.634	4	1.59	13.76	25.93	0.14	0.69	2.75	0.2845
3518.61	1046.634	4	1.27	10.79	20.31	0.21	0.27	1.12	0.1706
3618.61	1046.634	4	3.95	14.27	24.58	0.15	0.9	3.61	0.261
3118.61	946.634	4	1.24	15.9	30.57	0.18	0.43	1.72	0.2979
3218.61	946.634	4	1.28	13.29	25.31	0.21	0.91	3.66	0.3245
3318.61	946.634	4	0.51	7.72	14.92	0.17	0.42	1.68	0.1589
3418.61	946.634	4	2.06	16.16	30.26	0.21	0.7	2.8	0.3544
3518.61	946.634	4	3.06	17.15	31.24	0.37	0.72	2.92	0.4331
3618.61	946.634	4	3.46	18.76	34.07	0.23	0.62	2.5	0.3783
3218.61	846.634	4	1.02	9.12	17.21	0.14	0.37	1.48	0.1825
3318.61	846.634	4	1.75	10.69	19.63	0.16	0.35	1.42	0.181
3418.61	846.634	4	2.04	8.71	15.38	0.16	0.16	0.66	0.1905
3518.61	846.634	4	4.25	19.47	34.7	0.19	0.52	2.09	0.349
